#Layer_Color=32768
#
#Feature symbol names
#
$0 r1.9685
$1 r3.937

#
#Feature attribute names
#

#
#Layer features
#
A 0.0543328 1.3494094 0.0543328 1.3494094 0.0405533 1.3494094 0 P 0 N
A 0.0561023 1.230315 0.0561023 1.230315 0.0423228 1.230315 0 P 0 N
A 0.0964567 1.230315 0.0964567 1.230315 0.0826772 1.230315 0 P 0 N
A 0.1259843 1.3494094 0.1259843 1.3494094 0.1122048 1.3494094 0 P 0 N
A 0.1830708 0.769685 0.1830708 0.769685 0.1692913 0.769685 0 P 0 N
A 0.1948819 0.0482283 0.1948819 0.0482283 0.1811024 0.0482283 0 P 0 N
A 0.2145669 0.2234252 0.2145669 0.2234252 0.2007874 0.2234252 0 P 0 N
A 0.2145669 0.2647638 0.2145669 0.2647638 0.2007874 0.2647638 0 P 0 N
A 0.2185039 0.9852362 0.2185039 0.9852362 0.2047244 0.9852362 0 P 0 N
A 0.2529527 0.3149606 0.2529527 0.3149606 0.2391732 0.3149606 0 P 0 N
A 0.261811 0.1683071 0.261811 0.1683071 0.2480315 0.1683071 0 P 0 N
A 0.2785433 0.2411417 0.2785433 0.2411417 0.2647638 0.2411417 0 P 0 N
A 0.3139764 0.2411417 0.3139764 0.2411417 0.3001969 0.2411417 0 P 0 N
A 0.3218503 0.1846457 0.3218503 0.1846457 0.3080708 0.1846457 0 P 0 N
A 0.3372047 0.0492126 0.3372047 0.0492126 0.3234252 0.0492126 0 P 0 N
A 0.3622047 0.4990157 0.3622047 0.4990157 0.3484252 0.4990157 0 P 0 N
A 0.3759842 0.0492126 0.3759842 0.0492126 0.3622047 0.0492126 0 P 0 N
A 0.3866502 0.8407483 0.3866502 0.8407483 0.3728707 0.8407483 0 P 0 N
A 0.4133858 0.2470472 0.4133858 0.2470472 0.3996063 0.2470472 0 P 0 N
A 0.4173228 0.6633858 0.4173228 0.6633858 0.4035433 0.6633858 0 P 0 N
A 0.4268219 0.8407483 0.4268219 0.8407483 0.4130424 0.8407483 0 P 0 N
A 0.4409449 1.2687008 0.4409449 1.2687008 0.4271654 1.2687008 0 P 0 N
A 0.4742668 1.092004 0.4742668 1.092004 0.4604873 1.092004 0 P 0 N
A 0.4925195 0.1062993 0.4925195 0.1062993 0.47874 0.1062993 0 P 0 N
A 0.5029527 0.3937008 0.5029527 0.3937008 0.4891732 0.3937008 0 P 0 N
A 0.5142398 1.6122099 0.5142398 1.6122099 0.5004603 1.6122099 0 P 0 N
A 0.5350466 0.3628284 0.5350466 0.3628284 0.5212671 0.3628284 0 P 0 N
A 0.5531671 1.0312136 0.5531671 1.0312136 0.5393876 1.0312136 0 P 0 N
A 0.5610236 0.1820866 0.5610236 0.1820866 0.5472441 0.1820866 0 P 0 N
A 0.5728346 0.6062992 0.5728346 0.6062992 0.5590551 0.6062992 0 P 0 N
A 0.5728346 0.8937008 0.5728346 0.8937008 0.5590551 0.8937008 0 P 0 N
A 0.6161417 0.1283465 0.6161417 0.1283465 0.6023622 0.1283465 0 P 0 N
A 0.6279527 0.6220472 0.6279527 0.6220472 0.6141732 0.6220472 0 P 0 N
A 0.6356299 0.2047244 0.6356299 0.2047244 0.6218504 0.2047244 0 P 0 N
A 0.6358267 0.7795276 0.6358267 0.7795276 0.6220472 0.7795276 0 P 0 N
A 0.6555118 1.4793307 0.6555118 1.4793307 0.6417323 1.4793307 0 P 0 N
A 0.6562645 0.1283465 0.6562645 0.1283465 0.642485 0.1283465 0 P 0 N
A 0.6579004 1.3600294 0.6579004 1.3600294 0.6441209 1.3600294 0 P 0 N
A 0.6633858 0.7047244 0.6633858 0.7047244 0.6496063 0.7047244 0 P 0 N
A 0.6633858 0.9566929 0.6633858 0.9566929 0.6496063 0.9566929 0 P 0 N
A 0.6870078 1.519685 0.6870078 1.519685 0.6732283 1.519685 0 P 0 N
A 0.7057006 0.3937008 0.7057006 0.3937008 0.6919211 0.3937008 0 P 0 N
A 0.7175196 0.4370078 0.7175196 0.4370078 0.7037401 0.4370078 0 P 0 N
A 0.7194882 1.3080709 0.7194882 1.3080709 0.7057087 1.3080709 0 P 0 N
A 0.7312992 0.5374016 0.7312992 0.5374016 0.7175197 0.5374016 0 P 0 N
A 0.7381889 0.3628284 0.7381889 0.3628284 0.7244094 0.3628284 0 P 0 N
A 0.7431102 1.4429134 0.7431102 1.4429134 0.7293307 1.4429134 0 P 0 N
A 0.761811 1.3238189 0.761811 1.3238189 0.7480315 1.3238189 0 P 0 N
A 0.7672203 0.3937008 0.7672203 0.3937008 0.7534408 0.3937008 0 P 0 N
A 0.777559 0.8897638 0.777559 0.8897638 0.7637795 0.8897638 0 P 0 N
A 0.8009844 0.0486222 0.8009844 0.0486222 0.7872049 0.0486222 0 P 0 N
A 0.8011811 0.5944882 0.8011811 0.5944882 0.7874016 0.5944882 0 P 0 N
A 0.8267714 0.3937008 0.8267714 0.3937008 0.8129919 0.3937008 0 P 0 N
A 0.8405174 0.8897452 0.8405174 0.8897452 0.8267379 0.8897452 0 P 0 N
A 0.8423228 0.2070866 0.8423228 0.2070866 0.8285433 0.2070866 0 P 0 N
A 0.9035433 0.2372048 0.9035433 0.2372048 0.8897638 0.2372048 0 P 0 N
A 0.9035433 0.8897638 0.9035433 0.8897638 0.8897638 0.8897638 0 P 0 N
A 0.9045274 0.6870079 0.9045274 0.6870079 0.8907479 0.6870079 0 P 0 N
A 0.9153543 0.2529528 0.9153543 0.2529528 0.9015748 0.2529528 0 P 0 N
A 0.9360236 0.4163386 0.9360236 0.4163386 0.9222441 0.4163386 0 P 0 N
A 0.9940945 1.0679134 0.9940945 1.0679134 0.980315 1.0679134 0 P 0 N
A 1.0038177 0.3622047 1.0038177 0.3622047 0.9900382 0.3622047 0 P 0 N
A 1.0143736 0.1047244 1.0143736 0.1047244 1.0005941 0.1047244 0 P 0 N
A 1.0413386 0.3937008 1.0413386 0.3937008 1.0275591 0.3937008 0 P 0 N
A 1.0452756 0.7677165 1.0452756 0.7677165 1.0314961 0.7677165 0 P 0 N
A 1.0866141 0.1043307 1.0866141 0.1043307 1.0728346 0.1043307 0 P 0 N
A 1.1013779 1.4035433 1.1013779 1.4035433 1.0875984 1.4035433 0 P 0 N
A 1.1066929 0.2031496 1.1066929 0.2031496 1.0929134 0.2031496 0 P 0 N
A 1.1102362 1.4734251 1.1102362 1.4734251 1.0964567 1.4734251 0 P 0 N
A 1.144685 0.3720472 1.144685 0.3720472 1.1309055 0.3720472 0 P 0 N
A 1.1771653 0.0580709 1.1771653 0.0580709 1.1633858 0.0580709 0 P 0 N
A 1.1840551 0.4468504 1.1840551 0.4468504 1.1702756 0.4468504 0 P 0 N
A 1.2352362 1.2834646 1.2352362 1.2834646 1.2214567 1.2834646 0 P 0 N
A 1.285433 0.3690945 1.285433 0.3690945 1.2716535 0.3690945 0 P 0 N
A 1.2972441 0.3031496 1.2972441 0.3031496 1.2834646 0.3031496 0 P 0 N
A 1.3021653 0.2047244 1.3021653 0.2047244 1.2883858 0.2047244 0 P 0 N
A 1.3245363 0.6124729 1.3245363 0.6124729 1.3107568 0.6124729 0 P 0 N
A 1.3287401 0.7204726 1.3287401 0.7204726 1.3149606 0.7204726 0 P 0 N
A 1.3287401 0.7992125 1.3287401 0.7992125 1.3149606 0.7992125 0 P 0 N
A 1.3287401 0.8376741 1.3287401 0.8376741 1.3149606 0.8376741 0 P 0 N
A 1.3287401 0.8761356 1.3287401 0.8761356 1.3149606 0.8761356 0 P 0 N
A 1.3287401 0.9145971 1.3287401 0.9145971 1.3149606 0.9145971 0 P 0 N
A 1.3287401 0.9530586 1.3287401 0.9530586 1.3149606 0.9530586 0 P 0 N
A 1.3287401 0.9915201 1.3287401 0.9915201 1.3149606 0.9915201 0 P 0 N
A 1.3287401 1.0299816 1.3287401 1.0299816 1.3149606 1.0299816 0 P 0 N
A 1.3287401 1.0684431 1.3287401 1.0684431 1.3149606 1.0684431 0 P 0 N
A 1.3287401 1.1069046 1.3287401 1.1069046 1.3149606 1.1069046 0 P 0 N
A 1.3287401 1.1466535 1.3287401 1.1466535 1.3149606 1.1466535 0 P 0 N
A 1.3287401 1.1850393 1.3287401 1.1850393 1.3149606 1.1850393 0 P 0 N
A 1.3287401 1.2234251 1.3287401 1.2234251 1.3149606 1.2234251 0 P 0 N
A 1.3287401 1.2618109 1.3287401 1.2618109 1.3149606 1.2618109 0 P 0 N
A 1.3287402 0.7608269 1.3287402 0.7608269 1.3149607 0.7608269 0 P 0 N
A 1.3326771 1.2992121 1.3326771 1.2992121 1.3188976 1.2992121 0 P 0 N
A 1.3494095 0.0718504 1.3494095 0.0718504 1.33563 0.0718504 0 P 0 N
A 1.3553149 1.5728346 1.3553149 1.5728346 1.3415354 1.5728346 0 P 0 N
A 1.390748 0.2401575 1.390748 0.2401575 1.3769685 0.2401575 0 P 0 N
A 1.398622 0.8405511 1.398622 0.8405511 1.3848425 0.8405511 0 P 0 N
A 1.398622 0.8797242 1.398622 0.8797242 1.3848425 0.8797242 0 P 0 N
A 1.398622 0.9188973 1.398622 0.9188973 1.3848425 0.9188973 0 P 0 N
A 1.398622 0.9580704 1.398622 0.9580704 1.3848425 0.9580704 0 P 0 N
A 1.398622 0.9972435 1.398622 0.9972435 1.3848425 0.9972435 0 P 0 N
A 1.398622 1.0364166 1.398622 1.0364166 1.3848425 1.0364166 0 P 0 N
A 1.398622 1.101378 1.398622 1.101378 1.3848425 1.101378 0 P 0 N
A 1.398622 1.140092 1.398622 1.140092 1.3848425 1.140092 0 P 0 N
A 1.398622 1.178806 1.398622 1.178806 1.3848425 1.178806 0 P 0 N
A 1.398622 1.21752 1.398622 1.21752 1.3848425 1.21752 0 P 0 N
A 1.4005905 0.6889764 1.4005905 0.6889764 1.386811 0.6889764 0 P 0 N
A 1.4183071 0.7755906 1.4183071 0.7755906 1.4045276 0.7755906 0 P 0 N
A 1.4301181 0.1820866 1.4301181 0.1820866 1.4163386 0.1820866 0 P 0 N
A 1.5587484 1.3656405 1.5587484 1.3656405 1.5449689 1.3656405 0 P 0 N
A 1.5587484 1.4404436 1.5587484 1.4404436 1.5449689 1.4404436 0 P 0 N
A 1.5610236 0.3070866 1.5610236 0.3070866 1.5472441 0.3070866 0 P 0 N
A 1.5885826 0.1732283 1.5885826 0.1732283 1.5748031 0.1732283 0 P 0 N
A 1.5925197 0.2283464 1.5925197 0.2283464 1.5787402 0.2283464 0 P 0 N
A 1.5925197 0.6299212 1.5925197 0.6299212 1.5787402 0.6299212 0 P 0 N
A 1.5976745 0.8704957 1.5976745 0.8704957 1.583895 0.8704957 0 P 0 N
A 1.6386042 0.8704957 1.6386042 0.8704957 1.6248247 0.8704957 0 P 0 N
A 2.3679868 1.4457202 2.3679868 1.4457202 2.3542073 1.4457202 0 P 0 N
A 2.4772388 1.6071376 2.4772388 1.6071376 2.4634593 1.6071376 0 P 0 N
A 2.4792073 1.3876494 2.4792073 1.3876494 2.4654278 1.3876494 0 P 0 N
A 2.6202391 0.0675132 2.6202391 0.0675132 2.6064596 0.0675132 0 P 0 N
A 2.6830708 0.297244 2.6830708 0.297244 2.6692913 0.297244 0 P 0 N
A 2.789013 0.8839646 2.789013 0.8839646 2.7752335 0.8839646 0 P 0 N
A 2.809055 0.3070865 2.809055 0.3070865 2.7952755 0.3070865 0 P 0 N
A 2.8198819 0.1830708 2.8198819 0.1830708 2.8061024 0.1830708 0 P 0 N
A 2.8729894 0.1830708 2.8729894 0.1830708 2.8592099 0.1830708 0 P 0 N
A 2.8739495 0.5659448 2.8739495 0.5659448 2.86017 0.5659448 0 P 0 N
A 2.8739496 0.6053148 2.8739496 0.6053148 2.8601701 0.6053148 0 P 0 N
A 2.8739496 0.6446849 2.8739496 0.6446849 2.8601701 0.6446849 0 P 0 N
A 2.8769684 1.3110235 2.8769684 1.3110235 2.8631889 1.3110235 0 P 0 N
A 2.9242125 0.1830708 2.9242125 0.1830708 2.910433 0.1830708 0 P 0 N
L 0 1.3523622 0 1.4901574 0 P 0
L 0 1.3523622 0.1496062 1.3523622 0 P 0
L 0 1.4901574 0.1496062 1.4901574 0 P 0
L 0.0047265 1.3312992 0.0047265 1.3675196 0 P 0
L 0.0047265 1.3312992 0.0763801 1.3312992 0 P 0
L 0.0047265 1.3675196 0.0763801 1.3675196 0 P 0
L 0.0118111 1.218504 0.0118111 1.3681102 0 P 0
L 0.0118111 1.218504 0.1496063 1.218504 0 P 0
L 0.0118111 1.3681102 0.1496063 1.3681102 0 P 0
L 0.0196851 0.8464567 0.0590551 0.8464567 0 P 0
L 0.0208683 1.3494094 0.0602383 1.3494094 0 P 0
L 0.0210873 1.3719074 0.0210873 1.4880492 0 P 0
L 0.0210873 1.3719074 0.0722685 1.3719074 0 P 0
L 0.0210873 1.4880492 0.0722685 1.4880492 0 P 0
L 0.0212599 0.8106299 0.0212599 0.8822835 0 P 0
L 0.0212599 0.8106299 0.0574803 0.8106299 0 P 0
L 0.0212599 0.8822835 0.0574803 0.8822835 0 P 0
L 0.0226378 1.230315 0.0620078 1.230315 0 P 0
L 0.0242127 1.1944883 0.0242127 1.2661417 0 P 0
L 0.0242127 1.1944883 0.060433 1.1944881 0 P 0
L 0.0242127 1.2661417 0.0604331 1.2661417 0 P 0
L 0.026181 1.1511811 0.026181 1.1874015 0 P 0
L 0.026181 1.1511811 0.0978347 1.1511811 0 P 0
L 0.026181 1.1874015 0.0978347 1.1874015 0 P 0
L 0.026181 1.1915354 0.026181 1.2277558 0 P 0
L 0.026181 1.1915354 0.0978347 1.1915354 0 P 0
L 0.026181 1.2277558 0.0978347 1.2277558 0 P 0
L 0.0393701 0.8267717 0.0393701 0.8661417 0 P 0
L 0.0405533 1.3297244 0.0405533 1.3690944 0 P 0
L 0.0413386 0.8218504 0.0413386 1.148622 0 P 0
L 0.0413386 0.8218504 0.3681102 0.8218504 0 P 0
L 0.0413386 1.148622 0.3681102 1.148622 0 P 0
L 0.0423228 1.21063 0.0423228 1.2500001 0 P 0
L 0.0423229 1.1692913 0.081693 1.1692913 0 P 0
L 0.0423229 1.2096456 0.081693 1.2096456 0 P 0
L 0.0551181 1.4212598 0.0944881 1.4212598 0 P 0
L 0.0557086 0.9405512 0.0557086 0.9767716 0 P 0
L 0.0557086 0.9405512 0.1273622 0.9405512 0 P 0
L 0.0557086 0.9767716 0.1273622 0.9767716 0 P 0
L 0.0574803 0.8106299 0.0574803 0.8822835 0 P 0
L 0.060433 1.1944881 0.0604331 1.2661417 0 P 0
L 0.0610237 1.2933071 0.1003937 1.2933071 0 P 0
L 0.0620079 1.1496063 0.0620079 1.1889763 0 P 0
L 0.0620079 1.1899606 0.0620079 1.2293306 0 P 0
L 0.0629923 1.230315 0.1023622 1.230315 0 P 0
L 0.0645671 1.2661417 0.0645672 1.1944883 0 P 0
L 0.0645671 1.2661417 0.1007875 1.266142 0 P 0
L 0.0645672 1.1944883 0.1007875 1.1944881 0 P 0
L 0.0688978 0.875 0.1082678 0.875 0 P 0
L 0.0704726 0.8391732 0.0704726 0.9108268 0 P 0
L 0.0704726 0.8391732 0.106693 0.8391732 0 P 0
L 0.0704726 0.9108268 0.106693 0.9108268 0 P 0
L 0.0718504 0.9586614 0.1112204 0.9586614 0 P 0
L 0.0722685 1.3719074 0.0722685 1.4880492 0 P 0
L 0.0748031 1.4015748 0.0748031 1.4409448 0 P 0
L 0.0762055 1.3719074 0.0762055 1.4880492 0 P 0
L 0.0762055 1.3719074 0.1273867 1.3719074 0 P 0
L 0.0762055 1.4880492 0.1273867 1.4880492 0 P 0
L 0.076378 1.3312992 0.076378 1.3675196 0 P 0
L 0.076378 1.3312992 0.1480316 1.3312992 0 P 0
L 0.076378 1.3675196 0.1480316 1.3675196 0 P 0
L 0.0763801 1.3312992 0.0763801 1.3675196 0 P 0
L 0.0807087 1.2736221 0.0807087 1.3129921 0 P 0
L 0.0826772 1.2106299 0.0826773 1.2500001 0 P 0
L 0.0885828 0.855315 0.0885828 0.894685 0 P 0
L 0.0915354 0.9389764 0.0915354 0.9783464 0 P 0
L 0.0925198 1.3494094 0.1318898 1.3494094 0 P 0
L 0.0978347 1.1511811 0.0978347 1.1874015 0 P 0
L 0.0978347 1.1915354 0.0978347 1.2277558 0 P 0
L 0.1007875 1.1944881 0.1007875 1.266142 0 P 0
L 0.106693 0.8391732 0.106693 0.9108268 0 P 0
L 0.1102364 0.875 0.1496064 0.875 0 P 0
L 0.1118112 0.8391732 0.1118112 0.9108268 0 P 0
L 0.1118112 0.8391732 0.1480316 0.8391732 0 P 0
L 0.1118112 0.9108268 0.1480316 0.9108268 0 P 0
L 0.1122048 1.3297244 0.1122048 1.3690944 0 P 0
L 0.1273622 0.9405512 0.1273622 0.9767716 0 P 0
L 0.1273867 1.3719074 0.1273867 1.4880492 0 P 0
L 0.1299214 0.855315 0.1299214 0.894685 0 P 0
L 0.1334645 0.7515748 0.1334645 0.7877952 0 P 0
L 0.1334645 0.7515748 0.2051181 0.7515748 0 P 0
L 0.1334645 0.7877952 0.2051181 0.7877952 0 P 0
L 0.1480316 0.8391732 0.1480316 0.9108268 0 P 0
L 0.1480316 1.3312992 0.1480316 1.3675196 0 P 0
L 0.1496062 1.3523622 0.1496062 1.4901574 0 P 0
L 0.1496063 0.769685 0.1889763 0.769685 0 P 0
L 0.1496063 1.218504 0.1496063 1.3681102 0 P 0
L 0.1515747 1.1633858 0.1515747 1.3248032 0 P 0
L 0.1515747 1.1633858 0.2854331 1.1633858 0 P 0
L 0.1515747 1.3248032 0.2854331 1.3248032 0 P 0
L 0.1515748 0.3464568 0.1515748 0.515748 0 P 0
L 0.1515748 0.3464568 0.293307 0.3464568 0 P 0
L 0.1515748 0.515748 0.293307 0.515748 0 P 0
L 0.1584646 0.2893701 0.1584646 1.3641733 1 P 0
L 0.1584646 0.2893701 0.3927166 0.2893701 1 P 0
L 0.1584646 1.3641733 0.3927166 1.3641733 1 P 0
L 0.1614174 0.0482283 0.2007874 0.0482283 0 P 0
L 0.1629922 0.0124015 0.1629922 0.0840551 0 P 0
L 0.1629922 0.0124015 0.1992126 0.0124015 0 P 0
L 0.1629922 0.0840551 0.1992126 0.0840551 0 P 0
L 0.16437 0.076378 0.1643701 0.2929134 0 P 0
L 0.16437 0.076378 0.4517716 0.076378 0 P 0
L 0.1643701 0.2929134 0.4517716 0.2929133 0 P 0
L 0.1649606 0.205315 0.1649606 0.2415354 0 P 0
L 0.1649606 0.205315 0.2366142 0.205315 0 P 0
L 0.1649606 0.2415354 0.2366142 0.2415354 0 P 0
L 0.1649606 0.2466536 0.1649606 0.282874 0 P 0
L 0.1649606 0.2466536 0.2366142 0.2466536 0 P 0
L 0.1649606 0.282874 0.2366142 0.282874 0 P 0
L 0.1692913 0.75 0.1692913 0.78937 0 P 0
L 0.1702756 0.1299213 0.1702756 0.2066929 0 P 0
L 0.1702756 0.1299213 0.3257874 0.1299213 0 P 0
L 0.1702756 0.2066929 0.3257874 0.2066929 0 P 0
L 0.1811024 0.0285433 0.1811024 0.0679133 0 P 0
L 0.1811024 0.2234252 0.2204724 0.2234252 0 P 0
L 0.1811024 0.2647638 0.2204724 0.2647638 0 P 0
L 0.1850394 0.9852362 0.2244094 0.9852362 0 P 0
L 0.1992126 0.0124015 0.1992126 0.0840551 0 P 0
L 0.2007874 0.2037402 0.2007874 0.2431102 0 P 0
L 0.2007874 0.2450788 0.2007874 0.2844488 0 P 0
L 0.2007875 0.593504 0.2401575 0.593504 0 P 0
L 0.2023623 0.6293307 0.2023624 0.5576772 0 P 0
L 0.2023623 0.6293307 0.2385828 0.6293307 0 P 0
L 0.2023624 0.5576772 0.2385828 0.5576771 0 P 0
L 0.2033464 0.2968504 0.2033464 0.3330708 0 P 0
L 0.2033464 0.2968504 0.275 0.2968504 0 P 0
L 0.2033464 0.3330708 0.275 0.3330708 0 P 0
L 0.2047244 0.9655512 0.2047244 1.0049212 0 P 0
L 0.2051181 0.7515748 0.2051181 0.7877952 0 P 0
L 0.2194882 0.3149606 0.2588582 0.3149606 0 P 0
L 0.2204725 0.573819 0.2204725 0.613189 0 P 0
L 0.2283465 0.1683071 0.2677165 0.1683071 0 P 0
L 0.234252 0.6338583 0.234252 0.7716535 0 P 0
L 0.234252 0.6338583 0.3877952 0.6338583 0 P 0
L 0.234252 0.7716535 0.3877952 0.7716535 0 P 0
L 0.2366142 0.205315 0.2366142 0.2415354 0 P 0
L 0.2366142 0.2466536 0.2366142 0.282874 0 P 0
L 0.2385828 0.5576771 0.2385828 0.6293307 0 P 0
L 0.2391732 0.2952756 0.2391732 0.3346456 0 P 0
L 0.2411418 0.5088583 0.2411418 0.6466535 0 P 0
L 0.2411418 0.5088583 0.390748 0.5088583 0 P 0
L 0.2411418 0.6466535 0.390748 0.6466535 0 P 0
L 0.2450788 0.2411417 0.2844488 0.2411417 0 P 0
L 0.2466537 0.205315 0.2466537 0.2769684 0 P 0
L 0.2466537 0.205315 0.282874 0.2053149 0 P 0
L 0.2466537 0.2769684 0.282874 0.2769686 0 P 0
L 0.2480315 0.1486221 0.2480315 0.1879921 0 P 0
L 0.2647638 0.2214566 0.2647638 0.2608267 0 P 0
L 0.275 0.2968504 0.275 0.3330708 0 P 0
L 0.2765749 0.433563 0.276575 0.484744 0 P 0
L 0.2765749 0.433563 0.3927166 0.4335628 0 P 0
L 0.276575 0.484744 0.3927165 0.484744 0 P 0
L 0.2771653 0.7702756 0.2771653 0.806496 0 P 0
L 0.2771653 0.7702756 0.3488189 0.7702756 0 P 0
L 0.2771653 0.806496 0.3488189 0.806496 0 P 0
L 0.2805119 0.2411417 0.3198819 0.2411417 0 P 0
L 0.2820867 0.2053149 0.2820867 0.2769686 0 P 0
L 0.2820867 0.2053149 0.3183069 0.2053149 0 P 0
L 0.2820867 0.2769686 0.3183069 0.2769685 0 P 0
L 0.282874 0.2053149 0.282874 0.2769686 0 P 0
L 0.2854331 1.1633858 0.2854331 1.3248032 0 P 0
L 0.2883858 0.1846457 0.3277558 0.1846457 0 P 0
L 0.2913386 0.7027559 0.3307086 0.7027559 0 P 0
L 0.293307 0.3464568 0.293307 0.515748 0 P 0
L 0.2933071 0.7883858 0.3326771 0.7883858 0 P 0
L 0.2962599 0.5777559 0.3356299 0.5777559 0 P 0
L 0.3001969 0.2214567 0.3001969 0.2608267 0 P 0
L 0.3037402 0.0492126 0.3431103 0.0492126 0 P 0
L 0.3053152 0.0133858 0.3053152 0.0850394 0 P 0
L 0.3053152 0.0133858 0.3415355 0.0133858 0 P 0
L 0.3053152 0.0850394 0.3415355 0.0850394 0 P 0
L 0.3080708 0.1649607 0.3080708 0.2043307 0 P 0
L 0.3110236 0.6830709 0.3110236 0.7224409 0 P 0
L 0.3125984 0.4809055 0.3125984 0.5171259 0 P 0
L 0.3125984 0.4809055 0.3842519 0.4809056 0 P 0
L 0.3125984 0.5171259 0.3842519 0.5171258 0 P 0
L 0.3129921 0.7687008 0.3129921 0.8080708 0 P 0
L 0.3159449 0.5580709 0.3159449 0.5974409 0 P 0
L 0.3183069 0.2053149 0.3183069 0.2769685 0 P 0
L 0.3234252 0.0295276 0.3234252 0.0688976 0 P 0
L 0.3257874 0.1299213 0.3257874 0.2066929 0 P 0
L 0.3287402 0.4990157 0.3681102 0.4990157 0 P 0
L 0.3415355 0.0133858 0.3415355 0.0850394 0 P 0
L 0.3425197 0.0492126 0.3818897 0.0492126 0 P 0
L 0.3440945 0.0133858 0.3440945 0.0850394 0 P 0
L 0.3440945 0.0133858 0.3803149 0.0133858 0 P 0
L 0.3440945 0.0850394 0.3803149 0.0850394 0 P 0
L 0.3484252 0.4793307 0.3484252 0.5187007 0 P 0
L 0.3488189 0.7702756 0.3488189 0.806496 0 P 0
L 0.3531857 0.8407483 0.3925557 0.8407483 0 P 0
L 0.3547605 0.8049215 0.3547606 0.876575 0 P 0
L 0.3547605 0.8049215 0.3909808 0.8049215 0 P 0
L 0.3547606 0.876575 0.390981 0.8765751 0 P 0
L 0.3602362 0.1801181 0.3602362 0.3139763 0 P 0
L 0.3602362 0.1801181 0.4389764 0.1801181 0 P 0
L 0.3602362 0.3139763 0.4389764 0.3139763 0 P 0
L 0.3602363 0.9931102 0.3996063 0.9931102 0 P 0
L 0.3618111 1.028937 0.3618112 0.9572835 0 P 0
L 0.3618111 1.028937 0.3980315 1.028937 0 P 0
L 0.3618112 0.9572835 0.3980314 0.9572835 0 P 0
L 0.3622047 0.0295276 0.3622047 0.0688976 0 P 0
L 0.3622048 1.0748031 0.4015749 1.0748031 0 P 0
L 0.3637798 1.0389763 0.3637798 1.1106299 0 P 0
L 0.3637798 1.0389763 0.4000001 1.0389763 0 P 0
L 0.3637798 1.1106299 0.4000001 1.1106299 0 P 0
L 0.3681102 0.8218504 0.3681102 1.148622 0 P 0
L 0.3728707 0.8210633 0.3728707 0.8604333 0 P 0
L 0.373982 0.4369893 0.373982 1.3425011 0 P 0
L 0.373982 0.4369893 1.2794938 0.4369893 0 P 0
L 0.373982 1.3425011 1.2794938 1.3425011 0 P 0
L 0.377559 0.1413386 0.377559 0.177559 0 P 0
L 0.377559 0.1413386 0.4492126 0.1413386 0 P 0
L 0.377559 0.177559 0.4492126 0.177559 0 P 0
L 0.3799213 0.0492126 0.4192913 0.0492126 0 P 0
L 0.3799213 0.2470472 0.4192913 0.2470472 0 P 0
L 0.3799213 0.9734252 0.3799213 1.0127952 0 P 0
L 0.3803149 0.0133858 0.3803149 0.0850394 0 P 0
L 0.3814961 0.0133858 0.3814961 0.0850394 0 P 0
L 0.3814961 0.0133858 0.4177165 0.0133858 0 P 0
L 0.3814961 0.0850394 0.4177165 0.0850394 0 P 0
L 0.3818898 1.0551181 0.3818898 1.0944881 0 P 0
L 0.3838583 0.6633858 0.4232283 0.6633858 0 P 0
L 0.3842519 0.4809056 0.3842519 0.5171258 0 P 0
L 0.385433 0.6992127 0.3854332 0.6275591 0 P 0
L 0.385433 0.6992127 0.4216534 0.6992125 0 P 0
L 0.3854332 0.6275591 0.4216536 0.627559 0 P 0
L 0.3877952 0.6338583 0.3877952 0.7716535 0 P 0
L 0.390748 0.5088583 0.390748 0.6466535 0 P 0
L 0.3909808 0.8049215 0.390981 0.8765751 0 P 0
L 0.3927165 0.484744 0.3927166 0.4335628 0 P 0
L 0.3927166 0.2893701 0.3927166 1.3641733 1 P 0
L 0.3933574 0.8407483 0.4327274 0.8407483 0 P 0
L 0.3937008 0.1594488 0.4330708 0.1594488 0 P 0
L 0.3949322 0.8049215 0.3949323 0.8765751 0 P 0
L 0.3949322 0.8049215 0.4311526 0.8049215 0 P 0
L 0.3949323 0.8765751 0.4311526 0.8765751 0 P 0
L 0.3980314 0.9572835 0.3980315 1.028937 0 P 0
L 0.3996063 0.0295276 0.3996063 0.0688976 0 P 0
L 0.3996063 0.2273622 0.3996063 0.2667322 0 P 0
L 0.4000001 1.0389763 0.4000001 1.1106299 0 P 0
L 0.4035433 0.6437008 0.4035433 0.6830708 0 P 0
L 0.4074804 1.2687008 0.4468504 1.2687008 0 P 0
L 0.4090552 1.232874 0.4090552 1.3045276 0 P 0
L 0.4090552 1.232874 0.4452756 1.232874 0 P 0
L 0.4090552 1.3045276 0.4452756 1.3045276 0 P 0
L 0.4094488 0.0265748 0.4094488 0.1427166 0 P 0
L 0.4094488 0.0265748 0.46063 0.0265748 0 P 0
L 0.4094488 0.1427166 0.46063 0.1427166 0 P 0
L 0.4130424 0.8210633 0.4130424 0.8604333 0 P 0
L 0.4132029 0.9403807 0.4525729 0.9403807 0 P 0
L 0.4132431 0.9985001 0.4132431 1.1855077 0 P 0
L 0.4132431 0.9985001 0.5077314 0.9985 0 P 0
L 0.4132431 1.1855077 0.5077314 1.1855078 0 P 0
L 0.4133858 0.1397638 0.4133858 0.1791338 0 P 0
L 0.4147777 0.9762075 0.4147778 0.904554 0 P 0
L 0.4147777 0.9762075 0.4509981 0.9762075 0 P 0
L 0.4147778 0.904554 0.4509979 0.904554 0 P 0
L 0.4177165 0.0133858 0.4177165 0.0850394 0 P 0
L 0.4190945 0.0019685 0.4190945 0.4074803 0 P 0
L 0.4190945 0.0019685 0.8246063 0.0019685 0 P 0
L 0.4190945 0.4074803 0.8246063 0.4074803 0 P 0
L 0.4194289 0.7608484 0.4587989 0.7608484 0 P 0
L 0.4210039 0.7250215 0.4210039 0.7966751 0 P 0
L 0.4210039 0.7250215 0.4572241 0.7250214 0 P 0
L 0.4210039 0.7966751 0.4572238 0.7966751 0 P 0
L 0.4216534 0.6992125 0.4216536 0.627559 0 P 0
L 0.4271654 1.2490158 0.4271654 1.2883858 0 P 0
L 0.4281496 0.0255905 0.4281496 0.0846457 0 P 0
L 0.4281496 0.0255905 0.5462598 0.0255905 0 P 0
L 0.4281496 0.0846457 0.5462598 0.0846457 0 P 0
L 0.4311526 0.8049215 0.4311526 0.8765751 0 P 0
L 0.4328879 0.9206957 0.4328879 0.9600657 0 P 0
L 0.4389764 0.1801181 0.4389764 0.3139763 0 P 0
L 0.4391139 0.7411634 0.4391139 0.7805336 0 P 0
L 0.4408023 1.092004 0.4801723 1.092004 0 P 0
L 0.4448819 1.1850393 0.4448819 1.3228346 0 P 0
L 0.4448819 1.1850393 0.5236221 1.1850393 0 P 0
L 0.4448819 1.3228346 0.5236221 1.3228346 0 P 0
L 0.4452756 1.232874 0.4452756 1.3045276 0 P 0
L 0.4492126 0.1413386 0.4492126 0.177559 0 P 0
L 0.4509979 0.904554 0.4509981 0.9762075 0 P 0
L 0.4517716 0.076378 0.4517716 0.2929133 0 P 0
L 0.4527366 0.9403808 0.4921067 0.9403809 0 P 0
L 0.4543113 0.9045541 0.4543114 0.9762077 0 P 0
L 0.4543113 0.9045541 0.4905317 0.9045542 0 P 0
L 0.4543114 0.9762077 0.4905317 0.9762076 0 P 0
L 0.4572238 0.7966751 0.4572241 0.7250214 0 P 0
L 0.4586615 0.4645669 0.4586616 0.5433071 0 P 0
L 0.4586615 0.4645669 0.5964567 0.4645669 0 P 0
L 0.4586616 0.5433071 0.5964567 0.5433071 0 P 0
L 0.4589626 0.7608484 0.4983326 0.7608484 0 P 0
L 0.459055 0.1062993 0.498425 0.1062993 0 P 0
L 0.4596456 0.3346457 0.4596456 0.4527559 0 P 0
L 0.4596456 0.3346457 0.5187008 0.3346457 0 P 0
L 0.4596456 0.4527559 0.5187008 0.4527559 0 P 0
L 0.4602435 0.3313323 0.4602435 0.3943245 0 P 0
L 0.4602435 0.3313323 0.5822907 0.3313323 0 P 0
L 0.4602435 0.3943245 0.5822907 0.3943245 0 P 0
L 0.4604873 1.072319 0.4604873 1.111689 0 P 0
L 0.4605375 0.7250217 0.4605376 0.7966752 0 P 0
L 0.4605375 0.7250217 0.4967576 0.7250217 0 P 0
L 0.4605376 0.7966752 0.4967576 0.7966752 0 P 0
L 0.4606298 0.0704725 0.4606299 0.142126 0 P 0
L 0.4606298 0.0704725 0.4968502 0.0704725 0 P 0
L 0.4606299 0.142126 0.4968502 0.1421261 0 P 0
L 0.46063 0.0265748 0.46063 0.1427166 0 P 0
L 0.4694882 0.3937008 0.5088582 0.3937008 0 P 0
L 0.4724216 0.9206958 0.4724216 0.9600658 0 P 0
L 0.4724411 1.253937 0.4960629 1.253937 0 P 0
L 0.4753938 0.0551181 0.4990156 0.0551181 0 P 0
L 0.4786476 0.7411634 0.4786476 0.7805334 0 P 0
L 0.47874 0.0866143 0.47874 0.1259843 0 P 0
L 0.4807753 1.4648884 0.5201452 1.4648885 0 P 0
L 0.4807753 1.5393576 0.5201454 1.5393576 0 P 0
L 0.4807753 1.6122099 0.5201453 1.6122099 0 P 0
L 0.4823501 1.5007154 0.4823502 1.4290617 0 P 0
L 0.4823501 1.5007154 0.5185704 1.5007152 0 P 0
L 0.4823501 1.6480366 0.4823502 1.5763831 0 P 0
L 0.4823501 1.6480366 0.5185705 1.6480366 0 P 0
L 0.4823502 1.4290617 0.5185704 1.4290617 0 P 0
L 0.4823502 1.5763831 0.5185705 1.5763829 0 P 0
L 0.4823504 1.5035309 0.4823504 1.5751844 0 P 0
L 0.4823504 1.5035309 0.5185705 1.5035309 0 P 0
L 0.4823504 1.5751844 0.5185706 1.5751844 0 P 0
L 0.484252 0.6181102 0.523622 0.6181102 0 P 0
L 0.484252 1.242126 0.484252 1.2657478 0 P 0
L 0.4858268 0.653937 0.4858269 0.5822835 0 P 0
L 0.4858268 0.653937 0.5220472 0.653937 0 P 0
L 0.4858269 0.5822835 0.5220471 0.5822835 0 P 0
L 0.4872047 0.0433072 0.4872047 0.066929 0 P 0
L 0.4891732 0.3740158 0.4891732 0.4133858 0 P 0
L 0.489927 1.3638623 0.529297 1.3638623 0 P 0
L 0.4905317 0.9045542 0.4905317 0.9762076 0 P 0
L 0.4915018 1.3280355 0.4915018 1.3996891 0 P 0
L 0.4915018 1.3280355 0.5277222 1.3280355 0 P 0
L 0.4915018 1.3996891 0.5277222 1.3996891 0 P 0
L 0.4967576 0.7250217 0.4967576 0.7966752 0 P 0
L 0.4968502 0.0704725 0.4968502 0.1421261 0 P 0
L 0.4990158 1.2637794 0.4990158 1.409449 0 P 0
L 0.4990158 1.2637794 0.6249999 1.2637797 0 P 0
L 0.4990158 1.409449 0.6249999 1.4094486 0 P 0
L 0.5004602 1.4452035 0.5004603 1.4845735 0 P 0
L 0.5004603 1.5925248 0.5004603 1.6318949 0 P 0
L 0.5004604 1.5196726 0.5004604 1.5590426 0 P 0
L 0.5015821 0.3628284 0.5409521 0.3628284 0 P 0
L 0.503937 0.5984252 0.503937 0.6377952 0 P 0
L 0.5077314 0.9985 0.5077314 1.1855078 0 P 0
L 0.509612 1.3441773 0.509612 1.3835473 0 P 0
L 0.5157482 0.503937 0.53937 0.503937 0 P 0
L 0.5177165 0.1230314 0.5177165 0.2411417 0 P 0
L 0.5177165 0.1230314 0.5767717 0.1230314 0 P 0
L 0.5177165 0.2411417 0.5767717 0.2411417 0 P 0
L 0.5185704 1.4290617 0.5185704 1.5007152 0 P 0
L 0.5185705 1.5035309 0.5185706 1.5751844 0 P 0
L 0.5185705 1.5763829 0.5185705 1.6480366 0 P 0
L 0.5187008 0.3346457 0.5187008 0.4527559 0 P 0
L 0.5196512 0.7421074 0.5196512 0.8799026 0 P 0
L 0.5196512 0.7421074 0.5983913 0.7421073 0 P 0
L 0.5196512 0.8799026 0.5983913 0.8799027 0 P 0
L 0.519685 0.2588583 0.519685 0.3966535 0 P 0
L 0.519685 0.2588583 0.5984252 0.2588583 0 P 0
L 0.519685 0.3966535 0.5984252 0.3966535 0 P 0
L 0.5197026 1.0312136 0.5590726 1.0312136 0 P 0
L 0.5206357 0.6830525 0.5600058 0.6830524 0 P 0
L 0.5212671 0.3431434 0.5212671 0.3825134 0 P 0
L 0.5212774 0.9953867 0.5212775 1.0670403 0 P 0
L 0.5212774 0.9953867 0.5574977 0.9953869 0 P 0
L 0.5212775 1.0670403 0.5574978 1.0670406 0 P 0
L 0.5220471 0.5822835 0.5220472 0.653937 0 P 0
L 0.5222106 0.6472256 0.5222106 0.7188792 0 P 0
L 0.5222106 0.6472256 0.5584309 0.6472256 0 P 0
L 0.5222106 0.7188792 0.5584309 0.7188792 0 P 0
L 0.5232283 0.8755906 0.5232283 0.911811 0 P 0
L 0.5232283 0.8755906 0.5948819 0.8755906 0 P 0
L 0.5232283 0.911811 0.5948819 0.911811 0 P 0
L 0.5232284 0.5881891 0.5232284 0.6244095 0 P 0
L 0.5232284 0.5881891 0.5948819 0.588189 0 P 0
L 0.5232284 0.6244095 0.5948819 0.6244095 0 P 0
L 0.5236221 1.1850393 0.5236221 1.3228346 0 P 0
L 0.5238189 0.9307087 0.5238189 0.9669291 0 P 0
L 0.5238189 0.9307087 0.5954724 0.9307088 0 P 0
L 0.5238189 0.9669291 0.5954724 0.966929 0 P 0
L 0.5263497 1.1259656 0.5657197 1.1259656 0 P 0
L 0.5275591 0.1820866 0.5669291 0.1820866 0 P 0
L 0.5275591 0.4921261 0.5275591 0.5157479 0 P 0
L 0.5277222 1.3280355 0.5277222 1.3996891 0 P 0
L 0.5279245 1.1617924 0.5279246 1.0901389 0 P 0
L 0.5279245 1.1617924 0.5641449 1.1617924 0 P 0
L 0.5279246 1.0901389 0.5641449 1.0901388 0 P 0
L 0.5295274 1.4153543 0.5295274 1.6240157 0 P 0
L 0.5295274 1.4153543 0.8169292 1.4153543 0 P 0
L 0.5295274 1.6240157 0.8169292 1.6240157 0 P 0
L 0.5383441 1.4626098 0.5383441 1.4988302 0 P 0
L 0.5383441 1.4626098 0.6099977 1.4626098 0 P 0
L 0.5383441 1.4988302 0.6099977 1.4988302 0 P 0
L 0.5383441 1.5034902 0.5383441 1.5397106 0 P 0
L 0.5383441 1.5034902 0.6099977 1.5034902 0 P 0
L 0.5383441 1.5397106 0.6099977 1.5397106 0 P 0
L 0.5389763 1.3637796 0.5389763 1.4 0 P 0
L 0.5389763 1.3637796 0.6106299 1.3637796 0 P 0
L 0.5389763 1.4 0.6106299 1.4 0 P 0
L 0.5393701 0.6062992 0.5787401 0.6062992 0 P 0
L 0.5393701 0.8937008 0.5787401 0.8937008 0 P 0
L 0.5393876 1.0508986 0.5393877 1.0115285 0 P 0
L 0.5399607 0.9488189 0.5793307 0.9488189 0 P 0
L 0.5403206 0.7027374 0.5403207 0.6633675 0 P 0
L 0.5423229 1.3366142 0.5816929 1.3366142 0 P 0
L 0.5460347 1.1062806 0.5460347 1.1456506 0 P 0
L 0.5462598 0.0255905 0.5462598 0.0846457 0 P 0
L 0.5472102 0.811005 0.5708323 0.811005 0 P 0
L 0.5472441 0.1624016 0.5472441 0.2017717 0 P 0
L 0.5472442 0.3277559 0.570866 0.3277559 0 P 0
L 0.5544859 1.48072 0.5938559 1.48072 0 P 0
L 0.5544859 1.5216004 0.5938559 1.5216004 0 P 0
L 0.5550898 1.0314774 0.5944598 1.0314774 0 P 0
L 0.5551181 1.3818898 0.5944881 1.3818898 0 P 0
L 0.5566646 0.9956507 0.5566646 1.0673042 0 P 0
L 0.5566646 0.9956507 0.5928849 0.9956507 0 P 0
L 0.5566646 1.0673042 0.592885 1.0673042 0 P 0
L 0.5574977 0.9953869 0.5574978 1.0670406 0 P 0
L 0.5582268 0.6827701 0.5975967 0.6827703 0 P 0
L 0.5584309 0.6472256 0.5584309 0.7188792 0 P 0
L 0.5586614 1.5675197 0.5586614 1.6037401 0 P 0
L 0.5586614 1.5675197 0.630315 1.5675197 0 P 0
L 0.5586614 1.6037401 0.630315 1.6037401 0 P 0
L 0.5590213 0.799194 0.5590213 0.822816 0 P 0
L 0.5590551 0.315945 0.5590551 0.3395668 0 P 0
L 0.5590551 0.5866142 0.5590551 0.6259842 0 P 0
L 0.5590551 0.8740158 0.5590551 0.9133858 0 P 0
L 0.5596457 0.9291339 0.5596457 0.9685039 0 P 0
L 0.5598015 0.6469434 0.5598015 0.7185969 0 P 0
L 0.5598015 0.6469434 0.5960219 0.6469434 0 P 0
L 0.5598015 0.7185969 0.5960219 0.7185969 0 P 0
L 0.5620079 1.3169292 0.5620079 1.3562993 0 P 0
L 0.5641449 1.0901388 0.5641449 1.1617924 0 P 0
L 0.5741709 1.461035 0.5741709 1.500405 0 P 0
L 0.5741709 1.5019154 0.5741709 1.5412854 0 P 0
L 0.5747748 1.0117924 0.5747748 1.0511624 0 P 0
L 0.5748031 1.3622048 0.5748031 1.4015748 0 P 0
L 0.5748032 1.5856299 0.6141732 1.5856299 0 P 0
L 0.5767717 0.1230314 0.5767717 0.2411417 0 P 0
L 0.5779117 0.6630853 0.5779118 0.7024551 0 P 0
L 0.5822907 0.3313323 0.5822907 0.3943245 0 P 0
L 0.5826772 0.1283465 0.6220472 0.1283465 0 P 0
L 0.583908 0.7670001 0.6095197 0.7413884 0 P 0
L 0.583908 0.7670001 0.6345747 0.8176668 0 P 0
L 0.584252 0.0925197 0.584252 0.1641733 0 P 0
L 0.584252 0.0925197 0.6204724 0.0925197 0 P 0
L 0.584252 0.1641733 0.6204724 0.1641733 0 P 0
L 0.5866142 0.9094489 0.6259843 0.9094488 0 P 0
L 0.5881891 0.8736221 0.5881891 0.9452757 0 P 0
L 0.5881891 0.8736221 0.6244094 0.873622 0 P 0
L 0.5881891 0.9452757 0.6244094 0.9452756 0 P 0
L 0.5915818 1.1232576 0.5915818 1.159478 0 P 0
L 0.5915818 1.1232576 0.6632354 1.1232577 0 P 0
L 0.5915818 1.159478 0.6632354 1.159478 0 P 0
L 0.5928849 0.9956507 0.592885 1.0673042 0 P 0
L 0.5944882 0.6220472 0.6338582 0.6220472 0 P 0
L 0.5944882 1.5659449 0.5944882 1.6053149 0 P 0
L 0.5948819 0.588189 0.5948819 0.6244095 0 P 0
L 0.5948819 0.8755906 0.5948819 0.911811 0 P 0
L 0.5954724 0.9307088 0.5954724 0.966929 0 P 0
L 0.5954725 0.2440945 0.5954725 0.3228347 0 P 0
L 0.5954725 0.2440945 0.7332677 0.2440945 0 P 0
L 0.5954725 0.3228347 0.7332677 0.3228347 0 P 0
L 0.5960219 0.6469434 0.5960219 0.7185969 0 P 0
L 0.596063 0.657874 0.5960631 0.5862205 0 P 0
L 0.596063 0.657874 0.6322834 0.657874 0 P 0
L 0.5960631 0.5862205 0.6322833 0.5862205 0 P 0
L 0.5964567 0.4645669 0.5964567 0.5433071 0 P 0
L 0.5983913 0.7421073 0.5983913 0.8799027 0 P 0
L 0.5984252 0.2588583 0.5984252 0.3966535 0 P 0
L 0.6021654 0.2047244 0.6415354 0.2047244 0 P 0
L 0.6023622 0.1086615 0.6023622 0.1480315 0 P 0
L 0.6062993 0.8897639 0.6062993 0.9291338 0 P 0
L 0.6077236 1.1413678 0.6470936 1.1413678 0 P 0
L 0.6081278 0.7656082 0.6359666 0.793447 0 P 0
L 0.6081278 0.793447 0.6359666 0.7656082 0 P 0
L 0.6095197 0.7413884 0.6601864 0.7920551 0 P 0
L 0.6099977 1.4626098 0.6099977 1.4988302 0 P 0
L 0.6099977 1.5034902 0.6099977 1.5397106 0 P 0
L 0.6102362 0.3897637 0.6102362 0.4842519 0 P 0
L 0.6102362 0.3897637 0.797244 0.3897637 0 P 0
L 0.6102362 0.4842519 0.797244 0.4842519 0 P 0
L 0.6106299 1.3637796 0.6106299 1.4 0 P 0
L 0.6122047 1.4202756 0.6122047 1.5383858 0 P 0
L 0.6122047 1.4202756 0.6712599 1.4202756 0 P 0
L 0.6122047 1.5383858 0.6712599 1.5383858 0 P 0
L 0.6122048 1.2608268 0.6122048 1.355315 0 P 0
L 0.6122048 1.2608268 0.7992126 1.2608268 0 P 0
L 0.6122048 1.355315 0.7992126 1.355315 0 P 0
L 0.6137795 0.6866142 0.6137795 0.7228346 0 P 0
L 0.6137795 0.6866142 0.6854331 0.6866142 0 P 0
L 0.6137795 0.7228346 0.6854331 0.7228346 0 P 0
L 0.6137795 0.9385826 0.6137796 0.974803 0 P 0
L 0.6137795 0.9385826 0.685433 0.9385828 0 P 0
L 0.6137796 0.974803 0.6854332 0.9748032 0 P 0
L 0.6141732 0.6023622 0.6141732 0.6417322 0 P 0
L 0.6157142 0.8086428 0.6157142 0.8448632 0 P 0
L 0.6157142 0.8086428 0.6873678 0.8086429 0 P 0
L 0.6157142 0.8448632 0.6873678 0.8448632 0 P 0
L 0.6163103 1.1007686 0.6163104 1.0645482 0 P 0
L 0.6163103 1.1007686 0.6879639 1.1007687 0 P 0
L 0.6163104 1.0232099 0.6163104 1.0594302 0 P 0
L 0.6163104 1.0232099 0.6879639 1.0232098 0 P 0
L 0.6163104 1.0594302 0.6879639 1.0594302 0 P 0
L 0.6163104 1.0645482 0.6879639 1.0645483 0 P 0
L 0.6177165 0.9700788 0.6177165 1.0062992 0 P 0
L 0.6177165 0.9700788 0.68937 0.9700789 0 P 0
L 0.6177165 1.0062992 0.6893701 1.0062993 0 P 0
L 0.6204724 0.0925197 0.6204724 0.1641733 0 P 0
L 0.6216535 0.8677166 0.6216536 0.9039369 0 P 0
L 0.6216535 0.8677166 0.6933071 0.8677166 0 P 0
L 0.6216535 0.9031496 0.6216535 0.93937 0 P 0
L 0.6216535 0.9031496 0.693307 0.9031497 0 P 0
L 0.6216535 0.93937 0.693307 0.9393699 0 P 0
L 0.6216536 0.9039369 0.6933071 0.903937 0 P 0
L 0.6218504 0.1850394 0.6218504 0.2244094 0 P 0
L 0.6220473 1.4793307 0.6614173 1.4793307 0 P 0
L 0.6228 0.1283465 0.66217 0.1283465 0 P 0
L 0.6243748 0.0925197 0.6243748 0.1641733 0 P 0
L 0.6243748 0.0925197 0.6605952 0.0925197 0 P 0
L 0.6243748 0.1641733 0.6605952 0.1641733 0 P 0
L 0.6244094 0.873622 0.6244094 0.9452756 0 P 0
L 0.6244359 1.3600294 0.6638059 1.3600294 0 P 0
L 0.6249999 1.2637797 0.6249999 1.4094486 0 P 0
L 0.6260108 1.3242026 0.6260108 1.3958562 0 P 0
L 0.6260108 1.3242026 0.6622311 1.3242025 0 P 0
L 0.6260108 1.3958562 0.6622309 1.3958562 0 P 0
L 0.6274086 1.1216828 0.6274086 1.1610528 0 P 0
L 0.6299213 0.7047244 0.6692913 0.7047244 0 P 0
L 0.6299213 0.9566929 0.6692914 0.9566929 0 P 0
L 0.630315 1.5675197 0.630315 1.6037401 0 P 0
L 0.631856 0.826753 0.671226 0.826753 0 P 0
L 0.6322833 0.5862205 0.6322834 0.657874 0 P 0
L 0.6324521 1.0826585 0.6718221 1.0826585 0 P 0
L 0.6324522 1.04132 0.6718221 1.0413201 0 P 0
L 0.6330319 1.5676143 0.6330319 1.6038347 0 P 0
L 0.6330319 1.5676143 0.7046855 1.5676143 0 P 0
L 0.6330319 1.6038347 0.7046855 1.6038347 0 P 0
L 0.6338583 0.988189 0.6732283 0.988189 0 P 0
L 0.6345747 0.8176668 0.6601864 0.7920551 0 P 0
L 0.6377953 0.8858268 0.6771653 0.8858268 0 P 0
L 0.6377953 0.9212598 0.6771653 0.9212598 0 P 0
L 0.6417323 1.4596457 0.6417323 1.4990157 0 P 0
L 0.642485 0.1086615 0.642485 0.1480315 0 P 0
L 0.6441209 1.3403444 0.6441209 1.3797145 0 P 0
L 0.6491737 1.5857245 0.6885437 1.5857245 0 P 0
L 0.6496063 0.6850394 0.6496063 0.7244094 0 P 0
L 0.6496063 0.9370079 0.6496063 0.9763779 0 P 0
L 0.6511472 0.6196665 0.6511472 0.6558869 0 P 0
L 0.6511472 0.6196665 0.7228007 0.6196666 0 P 0
L 0.6511472 0.6558869 0.7228008 0.6558869 0 P 0
L 0.651541 0.807068 0.651541 0.846438 0 P 0
L 0.6521371 1.0216351 0.6521372 1.061005 0 P 0
L 0.6521371 1.0629735 0.6521371 1.1023435 0 P 0
L 0.6525592 0.2834646 0.676181 0.2834646 0 P 0
L 0.6529528 0 0.6529528 0.1181103 0 P 0
L 0.6529528 0 0.8379922 0 0 P 0
L 0.6529528 0.1181103 0.8379922 0.1181103 0 P 0
L 0.6531494 0.580315 0.6531494 0.6165354 0 P 0
L 0.6531494 0.580315 0.7248031 0.580315 0 P 0
L 0.6531494 0.6165354 0.7248031 0.6165354 0 P 0
L 0.6535433 0.7755906 0.6929133 0.7755906 0 P 0
L 0.6535433 0.968504 0.6535433 1.007874 0 P 0
L 0.6535433 1.519685 0.6929133 1.519685 0 P 0
L 0.6551181 0.7397638 0.6551181 0.8114173 0 P 0
L 0.6551181 0.7397638 0.6913385 0.7397638 0 P 0
L 0.6551181 0.8114173 0.6913385 0.8114173 0 P 0
L 0.6574803 0.8661418 0.6574803 0.9055118 0 P 0
L 0.6574803 0.9015748 0.6574803 0.9409448 0 P 0
L 0.6584645 0.5669292 0.6584646 0.507874 0 P 0
L 0.6584645 0.5669292 0.7765748 0.5669292 0 P 0
L 0.6584646 0.507874 0.776575 0.507874 0 P 0
L 0.6605952 0.0925197 0.6605952 0.1641733 0 P 0
L 0.6622309 1.3958562 0.6622311 1.3242025 0 P 0
L 0.6623935 0.3346457 0.6623935 0.4527559 0 P 0
L 0.6623935 0.3346457 0.7214487 0.3346457 0 P 0
L 0.6623935 0.4527559 0.7214487 0.4527559 0 P 0
L 0.6632354 1.1232577 0.6632354 1.159478 0 P 0
L 0.6633858 0.3313323 0.6633858 0.3943245 0 P 0
L 0.6633858 0.3313323 0.785433 0.3313323 0 P 0
L 0.6633858 0.3943245 0.785433 0.3943245 0 P 0
L 0.6643701 0.2716537 0.6643701 0.2952755 0 P 0
L 0.667289 0.6377767 0.706659 0.6377767 0 P 0
L 0.6688587 1.5660395 0.6688587 1.6054095 0 P 0
L 0.6692913 0.5984253 0.7086612 0.5984252 0 P 0
L 0.6702756 1.4133858 0.6702756 1.472441 0 P 0
L 0.6702756 1.4133858 0.7883858 1.4133858 0 P 0
L 0.6702756 1.472441 0.7883858 1.472441 0 P 0
L 0.6712599 1.4202756 0.6712599 1.5383858 0 P 0
L 0.6722361 0.3937008 0.7116061 0.3937008 0 P 0
L 0.6732283 0.7559056 0.6732283 0.7952756 0 P 0
L 0.6732283 1.5 0.6732283 1.53937 0 P 0
L 0.6840551 0.4370078 0.7234251 0.4370078 0 P 0
L 0.6846456 0.8086615 0.6846456 0.8448818 0 P 0
L 0.6846456 0.8086615 0.7562992 0.8086615 0 P 0
L 0.6846456 0.8448818 0.7562992 0.8448818 0 P 0
L 0.685433 0.9385828 0.6854332 0.9748032 0 P 0
L 0.6854331 0.6866142 0.6854331 0.7228346 0 P 0
L 0.6860236 1.3080709 0.7253937 1.3080709 0 P 0
L 0.686974 0.6180917 0.686974 0.6574617 0 P 0
L 0.6873678 0.8086429 0.6873678 0.8448632 0 P 0
L 0.6879639 1.0232098 0.6879639 1.0594302 0 P 0
L 0.6879639 1.0645483 0.6879639 1.1007687 0 P 0
L 0.6889762 0.6181102 0.6889763 0.5787403 0 P 0
L 0.68937 0.9700789 0.6893701 1.0062993 0 P 0
L 0.6913385 0.7397638 0.6913385 0.8114173 0 P 0
L 0.6919211 0.3740158 0.6919211 0.4133858 0 P 0
L 0.693307 0.9031497 0.693307 0.9393699 0 P 0
L 0.6933071 0.8677166 0.6933071 0.903937 0 P 0
L 0.6978347 0.5374016 0.7372047 0.5374016 0 P 0
L 0.7007874 0.8267717 0.7401574 0.8267717 0 P 0
L 0.7037401 0.4173228 0.7037401 0.4566928 0 P 0
L 0.7046855 1.5676143 0.7046855 1.6038347 0 P 0
L 0.7047244 0.3628284 0.7440944 0.3628284 0 P 0
L 0.7047244 0.8602362 0.7047244 0.9192914 0 P 0
L 0.7047244 0.8602362 0.8228346 0.8602362 0 P 0
L 0.7047244 0.9192914 0.8228346 0.9192914 0 P 0
L 0.7057087 1.2883859 0.7057087 1.3277559 0 P 0
L 0.7096457 1.4429134 0.7490157 1.4429134 0 P 0
L 0.7122046 1.0968504 0.7122047 1.0606301 0 P 0
L 0.7122046 1.0968504 0.7838582 1.0968503 0 P 0
L 0.7122047 1.0606301 0.7838582 1.0606301 0 P 0
L 0.7125647 0.7165169 0.7519347 0.7165169 0 P 0
L 0.7141395 0.6806901 0.7141396 0.7523436 0 P 0
L 0.7141395 0.6806901 0.7503599 0.6806901 0 P 0
L 0.7141396 0.7523436 0.75036 0.7523437 0 P 0
L 0.7160035 1.3782833 0.7160035 1.4145037 0 P 0
L 0.7160035 1.3782833 0.7876571 1.3782833 0 P 0
L 0.7160035 1.4145037 0.7876571 1.4145037 0 P 0
L 0.7175197 0.5177166 0.7175197 0.5570866 0 P 0
L 0.7185039 1.2647638 0.7185039 1.3828741 0 P 0
L 0.7185039 1.2647638 0.7775591 1.2647638 0 P 0
L 0.7185039 1.3828741 0.7775591 1.3828741 0 P 0
L 0.7204724 0.8070867 0.7204724 0.8464568 0 P 0
L 0.7214487 0.3346457 0.7214487 0.4527559 0 P 0
L 0.7228007 0.6196666 0.7228008 0.6558869 0 P 0
L 0.7239132 0.3346457 0.7239132 0.4527559 0 P 0
L 0.7239132 0.3346457 0.7829684 0.3346457 0 P 0
L 0.7239132 0.4527559 0.7829684 0.4527559 0 P 0
L 0.7244094 0.3431434 0.7244094 0.3825134 0 P 0
L 0.7248031 0.580315 0.7248031 0.6165354 0 P 0
L 0.7283464 0.5649607 0.7283464 0.6240157 0 P 0
L 0.7283464 0.5649607 0.8464568 0.5649607 0 P 0
L 0.7283464 0.6240157 0.8464568 0.6240157 0 P 0
L 0.7283465 1.0787402 0.7677165 1.0787402 0 P 0
L 0.7283465 1.3238189 0.7677165 1.3238189 0 P 0
L 0.7293307 1.4232284 0.7293307 1.4625984 0 P 0
L 0.7321453 1.3963935 0.7715153 1.3963935 0 P 0
L 0.7322497 0.6968319 0.7322497 0.7362019 0 P 0
L 0.7332677 0.2440945 0.7332677 0.3228347 0 P 0
L 0.7337558 0.3937008 0.7731258 0.3937008 0 P 0
L 0.7358267 1.5094488 0.7358267 1.5456692 0 P 0
L 0.7358267 1.5094488 0.8074803 1.5094488 0 P 0
L 0.7358267 1.5456692 0.8074803 1.5456692 0 P 0
L 0.7387794 0.6442913 0.7387795 0.6805118 0 P 0
L 0.7387794 0.6442913 0.8104332 0.6442914 0 P 0
L 0.7387795 0.6805118 0.810433 0.6805117 0 P 0
L 0.7440945 0.8897638 0.7834645 0.8897638 0 P 0
L 0.7480315 1.0590552 0.7480315 1.0984252 0 P 0
L 0.7480315 1.3041338 0.7480315 1.3435039 0 P 0
L 0.7503599 0.6806901 0.75036 0.7523437 0 P 0
L 0.7518303 1.3767085 0.7518303 1.4160785 0 P 0
L 0.7519686 1.527559 0.7913385 1.5275591 0 P 0
L 0.7534408 0.3740158 0.7534408 0.4133858 0 P 0
L 0.7549213 0.6624016 0.7942913 0.6624016 0 P 0
L 0.7562992 0.8086615 0.7562992 0.8448818 0 P 0
L 0.7637795 0.8700788 0.7637795 0.9094488 0 P 0
L 0.7675198 0.0486222 0.8068899 0.0486222 0 P 0
L 0.7677166 0.5944882 0.8070866 0.5944882 0 P 0
L 0.7690948 0.0127954 0.7690948 0.0844489 0 P 0
L 0.7690948 0.0127954 0.8053151 0.0127954 0 P 0
L 0.7690948 0.0844489 0.805315 0.0844489 0 P 0
L 0.7716535 1.5078741 0.7716536 1.547244 0 P 0
L 0.7716536 0.7165354 0.8110236 0.7165354 0 P 0
L 0.7732284 0.7523622 0.7732285 0.6807087 0 P 0
L 0.7732284 0.7523622 0.8094488 0.7523622 0 P 0
L 0.7732285 0.6807087 0.8094488 0.6807087 0 P 0
L 0.7746063 0.6427166 0.7746063 0.6820866 0 P 0
L 0.7761812 0.775197 0.7761812 0.8114172 0 P 0
L 0.7761812 0.775197 0.8478347 0.7751969 0 P 0
L 0.7761812 0.8114172 0.8478347 0.8114173 0 P 0
L 0.7765748 0.5669292 0.776575 0.507874 0 P 0
L 0.7775591 1.2647638 0.7775591 1.3828741 0 P 0
L 0.7829684 0.3346457 0.7829684 0.4527559 0 P 0
L 0.7834643 0.3346457 0.7834643 0.4527559 0 P 0
L 0.7834643 0.3346457 0.8425195 0.3346457 0 P 0
L 0.7834643 0.4527559 0.8425195 0.4527559 0 P 0
L 0.7838582 1.0606301 0.7838582 1.0968503 0 P 0
L 0.7847358 1.3610673 0.8241058 1.3610673 0 P 0
L 0.785433 0.3313323 0.785433 0.3943245 0 P 0
L 0.7863107 1.3252406 0.7863107 1.396894 0 P 0
L 0.7863107 1.3252406 0.822531 1.3252404 0 P 0
L 0.7863107 1.396894 0.822531 1.3968941 0 P 0
L 0.7872049 0.0289371 0.7872049 0.0683072 0 P 0
L 0.7874016 0.5748031 0.7874016 0.6141732 0 P 0
L 0.7876571 1.3782833 0.7876571 1.4145037 0 P 0
L 0.7883858 1.4133858 0.7883858 1.472441 0 P 0
L 0.7893701 1.4744094 0.8287401 1.4744094 0 P 0
L 0.7909449 1.4385826 0.7909449 1.5102362 0 P 0
L 0.7909449 1.4385826 0.8271653 1.4385826 0 P 0
L 0.7909449 1.5102362 0.8271653 1.5102362 0 P 0
L 0.7913386 0.6968504 0.7913386 0.7362204 0 P 0
L 0.7923229 0.7933071 0.8316929 0.7933071 0 P 0
L 0.7929132 0.1078741 0.7929132 0.1440945 0 P 0
L 0.7929132 0.1078741 0.8645668 0.1078741 0 P 0
L 0.7929132 0.1440945 0.8645668 0.1440945 0 P 0
L 0.7933069 0.3937008 0.8326769 0.3937008 0 P 0
L 0.797244 0.3897637 0.797244 0.4842519 0 P 0
L 0.7990157 0.1480315 0.7990157 0.2661417 0 P 0
L 0.7990157 0.1480315 0.8580709 0.1480315 0 P 0
L 0.7990157 0.2661417 0.8580709 0.2661417 0 P 0
L 0.7992126 1.2608268 0.7992126 1.355315 0 P 0
L 0.8001969 0.9665354 0.8395669 0.9665354 0 P 0
L 0.8007874 0.0905512 0.8007874 0.2086614 0 P 0
L 0.8007874 0.0905512 0.8598426 0.0905512 0 P 0
L 0.8007874 0.2086614 0.8598426 0.2086615 0 P 0
L 0.8017718 0.9307086 0.8017718 1.0023622 0 P 0
L 0.8017718 0.9307086 0.8379921 0.9307086 0 P 0
L 0.8017718 1.0023622 0.8379921 1.0023622 0 P 0
L 0.8027558 0.7377952 0.8027559 0.7740157 0 P 0
L 0.8027558 0.7377952 0.8744094 0.7377954 0 P 0
L 0.8027559 0.7740157 0.8744096 0.7740157 0 P 0
L 0.802756 1.0015749 0.802756 1.0377951 0 P 0
L 0.802756 1.0015749 0.8744095 1.0015749 0 P 0
L 0.802756 1.0377951 0.8744095 1.0377951 0 P 0
L 0.8031496 1.148622 0.8425196 1.148622 0 P 0
L 0.8044208 1.3413823 0.8044208 1.3807523 0 P 0
L 0.8047244 1.1127952 0.8047244 1.1844488 0 P 0
L 0.8047244 1.1127952 0.8409447 1.1127953 0 P 0
L 0.8047244 1.1844488 0.8409448 1.1844488 0 P 0
L 0.805315 0.0844489 0.8053151 0.0127954 0 P 0
L 0.8070529 0.6535248 0.8464229 0.6535247 0 P 0
L 0.8070529 0.8897452 0.8464229 0.8897452 0 P 0
L 0.8070867 1.0787402 0.8464567 1.0787402 0 P 0
L 0.8074803 1.5094488 0.8074803 1.5456692 0 P 0
L 0.8080709 0.0480315 0.8474409 0.0480315 0 P 0
L 0.8086276 0.6176981 0.8086278 0.6893515 0 P 0
L 0.8086276 0.6176981 0.8448479 0.617698 0 P 0
L 0.8086278 0.6893515 0.8448481 0.6893517 0 P 0
L 0.8086615 1.0429134 0.8086615 1.114567 0 P 0
L 0.8086615 1.0429134 0.8448818 1.0429134 0 P 0
L 0.8086615 1.114567 0.8448819 1.114567 0 P 0
L 0.8088583 0.2070866 0.8482283 0.2070866 0 P 0
L 0.809055 0.1259843 0.848425 0.1259843 0 P 0
L 0.8090551 1.4547244 0.8090551 1.4940944 0 P 0
L 0.8094488 0.6807087 0.8094488 0.7523622 0 P 0
L 0.8096457 0.0122047 0.8096457 0.0838583 0 P 0
L 0.8096457 0.0122047 0.8458661 0.0122047 0 P 0
L 0.8096457 0.0838583 0.8458661 0.0838583 0 P 0
L 0.810433 0.6805117 0.8104332 0.6442914 0 P 0
L 0.8120079 0.7736221 0.8120079 0.8129921 0 P 0
L 0.8129919 0.3740158 0.8129919 0.4133858 0 P 0
L 0.8169292 1.4153543 0.8169292 1.6240157 0 P 0
L 0.8185041 0.1496063 0.8421259 0.1496063 0 P 0
L 0.8188976 0.7559055 0.8582677 0.7559054 0 P 0
L 0.8188977 1.019685 0.8582677 1.019685 0 P 0
L 0.8198819 0.9468504 0.8198819 0.9862204 0 P 0
L 0.822531 1.3252404 0.822531 1.3968941 0 P 0
L 0.8228346 0.8602362 0.8228346 0.9192914 0 P 0
L 0.8228346 1.128937 0.8228346 1.168307 0 P 0
L 0.8246063 0.0019685 0.8246063 0.4074803 0 P 0
L 0.8259649 1.3610673 0.865335 1.3610674 0 P 0
L 0.8267379 0.6732098 0.826738 0.6338398 0 P 0
L 0.8267379 0.8700602 0.8267379 0.9094302 0 P 0
L 0.8267717 1.0590552 0.8267717 1.0984252 0 P 0
L 0.8271653 1.4385826 0.8271653 1.5102362 0 P 0
L 0.8275398 1.3252407 0.8275398 1.3968941 0 P 0
L 0.8275398 1.3252407 0.86376 1.3252405 0 P 0
L 0.8275398 1.3968941 0.8637602 1.3968943 0 P 0
L 0.8277559 0.0283465 0.8277559 0.0677165 0 P 0
L 0.8285433 0.1874016 0.8285433 0.2267716 0 P 0
L 0.82874 0.1062993 0.82874 0.1456693 0 P 0
L 0.830315 0.1614172 0.8303151 0.1377954 0 P 0
L 0.8307086 0.9192913 0.8307087 0.8602362 0 P 0
L 0.8307086 0.9192913 0.948819 0.9192913 0 P 0
L 0.8307087 0.8602362 0.9488189 0.8602362 0 P 0
L 0.8379921 0.9307086 0.8379921 1.0023622 0 P 0
L 0.8379922 0 0.8379922 0.1181103 0 P 0
L 0.8385827 0.7362205 0.8385827 0.7755905 0 P 0
L 0.8385827 1 0.8385827 1.03937 0 P 0
L 0.8409447 1.1127953 0.8409448 1.1844488 0 P 0
L 0.8425195 0.3346457 0.8425195 0.4527559 0 P 0
L 0.8448479 0.617698 0.8448481 0.6893517 0 P 0
L 0.8448818 1.0429134 0.8448819 1.114567 0 P 0
L 0.84565 1.3413823 0.84565 1.3807522 0 P 0
L 0.8458661 0.0122047 0.8458661 0.0838583 0 P 0
L 0.8464568 0.5649607 0.8464568 0.6240157 0 P 0
L 0.8478347 0.7751969 0.8478347 0.8114173 0 P 0
L 0.8503937 0.1702757 0.8503937 0.3041339 0 P 0
L 0.8503937 0.1702757 0.9291339 0.1702757 0 P 0
L 0.8503937 0.3041339 0.9291339 0.3041339 0 P 0
L 0.8580709 0.1480315 0.8580709 0.2661417 0 P 0
L 0.8598426 0.0905512 0.8598426 0.2086615 0 P 0
L 0.8602364 0.0940945 0.8602364 0.1531497 0 P 0
L 0.8602364 0.0940945 0.9783466 0.0940945 0 P 0
L 0.8602364 0.1531497 0.9783466 0.1531497 0 P 0
L 0.863189 0.3937007 0.863189 0.5314961 0 P 0
L 0.863189 0.3937007 1.0679134 0.3937007 0 P 0
L 0.863189 0.5314961 1.0679134 0.5314961 0 P 0
L 0.86376 1.3252405 0.8637602 1.3968943 0 P 0
L 0.8645668 0.1078741 0.8645668 0.1440945 0 P 0
L 0.8700788 0.2372048 0.9094488 0.2372048 0 P 0
L 0.8700788 0.8897638 0.9094488 0.8897638 0 P 0
L 0.8700788 0.9685039 0.9094488 0.9685039 0 P 0
L 0.8710629 0.6870079 0.9104329 0.6870079 0 P 0
L 0.8716536 1.0043307 0.8716537 0.9326772 0 P 0
L 0.8716536 1.0043307 0.907874 1.0043307 0 P 0
L 0.8716537 0.9326772 0.907874 0.932677 0 P 0
L 0.8720472 0.1938977 0.8720472 0.3120079 0 P 0
L 0.8720472 0.1938977 0.9311024 0.1938977 0 P 0
L 0.8720472 0.3120079 0.9311024 0.3120079 0 P 0
L 0.8726378 0.7228347 0.8726379 0.6511812 0 P 0
L 0.8726378 0.7228347 0.9088582 0.7228347 0 P 0
L 0.8726379 0.6511812 0.9088581 0.6511812 0 P 0
L 0.873622 0.5537402 0.873622 0.5899606 0 P 0
L 0.873622 0.5537402 0.9452755 0.5537403 0 P 0
L 0.873622 0.5899606 0.9452757 0.5899606 0 P 0
L 0.8744094 0.7377954 0.8744096 0.7740157 0 P 0
L 0.8744095 1.0015749 0.8744095 1.0377951 0 P 0
L 0.875 0.3228347 0.875 0.5098425 0 P 0
L 0.875 0.3228347 0.9694883 0.3228348 0 P 0
L 0.875 0.5098425 0.9694882 0.5098424 0 P 0
L 0.8818898 0.2529528 0.9212598 0.2529528 0 P 0
L 0.8870079 0.1462005 0.8870079 0.1824209 0 P 0
L 0.8870079 0.1462005 0.9586615 0.1462005 0 P 0
L 0.8870079 0.1824209 0.9586615 0.1824209 0 P 0
L 0.8897637 0.5718504 0.9291338 0.5718504 0 P 0
L 0.8897638 0.2175198 0.8897638 0.2568898 0 P 0
L 0.8897638 0.8700787 0.8897638 0.9094488 0 P 0
L 0.8897638 0.9488189 0.8897638 0.9881889 0 P 0
L 0.8901575 0.0003937 0.8901575 0.4059055 0 P 0
L 0.8901575 0.0003937 1.2956693 0.0003937 0 P 0
L 0.8901575 0.4059055 1.2956693 0.4059055 0 P 0
L 0.8907479 0.6673229 0.8907479 0.7066929 0 P 0
L 0.895943 1.3196659 0.8959432 1.3558863 0 P 0
L 0.895943 1.3196659 0.9675968 1.3196659 0 P 0
L 0.8959432 1.3558863 0.9675966 1.3558863 0 P 0
L 0.8959432 1.3609986 0.8959433 1.3972188 0 P 0
L 0.8959432 1.3609986 0.9675967 1.3609985 0 P 0
L 0.8959433 1.3972188 0.9675967 1.3972188 0 P 0
L 0.9011811 0.7771653 0.9011812 0.8133857 0 P 0
L 0.9011811 0.7771653 0.9728347 0.7771654 0 P 0
L 0.9011812 0.8133857 0.9728347 0.8133858 0 P 0
L 0.9015748 0.2332678 0.9015748 0.2726378 0 P 0
L 0.9015748 1.2135827 0.9409448 1.2135827 0 P 0
L 0.9025591 0.4163386 0.9419291 0.4163386 0 P 0
L 0.9031496 1.2494095 0.9031497 1.177756 0 P 0
L 0.9031496 1.2494095 0.93937 1.2494095 0 P 0
L 0.9031497 0.1643107 0.9425197 0.1643107 0 P 0
L 0.9031497 1.177756 0.9393701 1.1777559 0 P 0
L 0.9055119 0.6864174 0.9448819 0.6864174 0 P 0
L 0.9070867 0.7222441 0.9070868 0.6505906 0 P 0
L 0.9070867 0.7222441 0.9433072 0.7222442 0 P 0
L 0.9070868 0.6505906 0.9433071 0.6505904 0 P 0
L 0.9074806 0.1236221 0.9311024 0.1236221 0 P 0
L 0.907874 0.932677 0.907874 1.0043307 0 P 0
L 0.9088581 0.6511812 0.9088582 0.7228347 0 P 0
L 0.9094488 0.5521654 0.9094488 0.5915354 0 P 0
L 0.9120849 1.3377763 0.9514548 1.3377762 0 P 0
L 0.912085 1.3791087 0.951455 1.3791087 0 P 0
L 0.9153543 0.0137795 0.9153543 0.0728347 0 P 0
L 0.9153543 0.0137795 1.0334645 0.0137795 0 P 0
L 0.9153543 0.0728347 1.0334645 0.0728347 0 P 0
L 0.9173229 0.7952756 0.9566929 0.7952756 0 P 0
L 0.9192915 0.1118112 0.9192915 0.135433 0 P 0
L 0.9212598 1.1938977 0.9212598 1.2332677 0 P 0
L 0.9222441 0.2490157 0.9222441 0.3277559 0 P 0
L 0.9222441 0.2490157 1.0600393 0.2490157 0 P 0
L 0.9222441 0.3277559 1.0600393 0.3277559 0 P 0
L 0.9222441 0.3966536 0.9222441 0.4360236 0 P 0
L 0.9228347 0.1446257 0.9228347 0.1839957 0 P 0
L 0.9251969 0.6667323 0.9251969 0.7061024 0 P 0
L 0.9287402 0.0222442 0.9287402 0.0584644 0 P 0
L 0.9287402 0.0222442 1.0003937 0.0222441 0 P 0
L 0.9287402 0.0584644 1.0003937 0.0584645 0 P 0
L 0.9290146 0.3307086 0.9290146 0.3937008 0 P 0
L 0.9290146 0.3307086 1.0510618 0.3307086 0 P 0
L 0.9290146 0.3937008 1.0510618 0.3937008 0 P 0
L 0.9291339 0.1702757 0.9291339 0.3041339 0 P 0
L 0.9311024 0.1938977 0.9311024 0.3120079 0 P 0
L 0.9317698 1.3574612 0.9317699 1.3180913 0 P 0
L 0.93177 1.3594237 0.93177 1.3987937 0 P 0
L 0.9370079 0.7755906 0.9370079 0.8149606 0 P 0
L 0.9389444 1.1542337 0.9783144 1.1542337 0 P 0
L 0.93937 1.2494095 0.9393701 1.1777559 0 P 0
L 0.9405192 1.1184069 0.9405192 1.1900605 0 P 0
L 0.9405192 1.1184069 0.9767396 1.1184069 0 P 0
L 0.9405192 1.1900605 0.9767396 1.1900605 0 P 0
L 0.9433071 0.6505904 0.9433072 0.7222442 0 P 0
L 0.9448819 0.0403543 0.9842519 0.0403543 0 P 0
L 0.9452755 0.5537403 0.9452757 0.5899606 0 P 0
L 0.9488189 0.8602362 0.948819 0.9192913 0 P 0
L 0.9537403 0.4625984 0.9773621 0.4625984 0 P 0
L 0.9586294 1.1345487 0.9586294 1.1739187 0 P 0
L 0.9586615 0.1462005 0.9586615 0.1824209 0 P 0
L 0.96063 1.0679134 1 1.0679134 0 P 0
L 0.9622048 1.1037402 0.9622049 1.0320866 0 P 0
L 0.9622048 1.1037402 0.9984252 1.1037402 0 P 0
L 0.9622049 1.0320866 0.9984251 1.0320867 0 P 0
L 0.9625985 0.0433071 0.9862203 0.0433071 0 P 0
L 0.9645669 0.0206693 0.9645669 0.0600393 0 P 0
L 0.9647673 0.0866142 0.9647673 0.1228346 0 P 0
L 0.9647673 0.0866142 1.0364209 0.0866142 0 P 0
L 0.9647673 0.1228346 1.0364209 0.1228346 0 P 0
L 0.9655512 0.4507875 0.9655512 0.4744093 0 P 0
L 0.9675966 1.3558863 0.9675968 1.3196659 0 P 0
L 0.9675967 1.3609985 0.9675967 1.3972188 0 P 0
L 0.9694882 0.5098424 0.9694883 0.3228348 0 P 0
L 0.9703532 0.3622047 1.0097232 0.3622047 0 P 0
L 0.9728347 0.7771654 0.9728347 0.8133858 0 P 0
L 0.9744094 0.0314962 0.9744094 0.055118 0 P 0
L 0.9767396 1.1184069 0.9767396 1.1900605 0 P 0
L 0.9779528 1.4444883 0.9779528 1.4807085 0 P 0
L 0.9779528 1.4444883 1.0496062 1.4444883 0 P 0
L 0.9779528 1.4807085 1.0496062 1.4807085 0 P 0
L 0.9783466 0.0940945 0.9783466 0.1531497 0 P 0
L 0.9793308 0.2883858 1.0029526 0.2883858 0 P 0
L 0.980315 1.0482284 0.980315 1.0875984 0 P 0
L 0.9809091 0.1047244 1.0202791 0.1047244 0 P 0
L 0.9900382 0.3425197 0.9900382 0.3818897 0 P 0
L 0.9911417 0.2765749 0.9911417 0.3001967 0 P 0
L 0.9940944 1.5757875 0.9940945 1.371063 0 P 0
L 0.9940944 1.5757875 1.1988189 1.5757873 0 P 0
L 0.9940945 1.371063 1.1988189 1.371063 0 P 0
L 0.9940945 1.4625984 1.0334645 1.4625984 0 P 0
L 0.9956693 0.7496063 0.9956693 0.7858267 0 P 0
L 0.9956693 0.7496063 1.0673229 0.7496063 0 P 0
L 0.9956693 0.7858267 1.0673229 0.7858267 0 P 0
L 0.9980315 0.3346457 0.9980315 0.4527559 0 P 0
L 0.9980315 0.3346457 1.0570867 0.3346457 0 P 0
L 0.9980315 0.4527559 1.0570867 0.4527559 0 P 0
L 0.9984251 1.0320867 0.9984252 1.1037402 0 P 0
L 0.998622 0.9039371 0.9986221 0.8677167 0 P 0
L 0.998622 0.9039371 1.0702757 0.9039371 0 P 0
L 0.9986221 0.8677167 1.0702756 0.8677166 0 P 0
L 1.0003937 0.0222441 1.0003937 0.0584645 0 P 0
L 1.0005941 0.0850394 1.0005941 0.1244094 0 P 0
L 1.0068898 1.2588582 1.0068898 1.3375984 0 P 0
L 1.0068898 1.2588582 1.144685 1.2588583 0 P 0
L 1.0068898 1.3375984 1.144685 1.3375984 0 P 0
L 1.0078741 0.3937008 1.0472441 0.3937008 0 P 0
L 1.0118111 0.7677165 1.0511811 0.7677165 0 P 0
L 1.0137795 1.4429134 1.0137795 1.4822834 0 P 0
L 1.0147638 0.8858268 1.0541338 0.8858268 0 P 0
L 1.0275591 0.3740158 1.0275591 0.4133858 0 P 0
L 1.0275591 1.1535433 1.0669291 1.1535433 0 P 0
L 1.0285432 1.3740157 1.0285432 1.4330709 0 P 0
L 1.0285432 1.3740157 1.1466535 1.3740157 0 P 0
L 1.0285432 1.4330709 1.1466535 1.4330709 0 P 0
L 1.0291338 1.1177165 1.0291339 1.1893701 0 P 0
L 1.0291338 1.1177165 1.0653542 1.1177166 0 P 0
L 1.0291339 1.1893701 1.0653543 1.1893701 0 P 0
L 1.031496 1.2244094 1.0708661 1.2244094 0 P 0
L 1.0314961 0.7480315 1.0314961 0.7874015 0 P 0
L 1.0330709 1.1885826 1.0330709 1.2602362 0 P 0
L 1.0330709 1.1885826 1.0692913 1.1885826 0 P 0
L 1.0330709 1.2602362 1.0692912 1.2602361 0 P 0
L 1.0334645 0.0137795 1.0334645 0.0728347 0 P 0
L 1.0344488 0.8661418 1.0344488 0.9055118 0 P 0
L 1.0364209 0.0866142 1.0364209 0.1228346 0 P 0
L 1.0370078 0.0862205 1.0370078 0.1224409 0 P 0
L 1.0370078 0.0862205 1.1086614 0.0862205 0 P 0
L 1.0370078 0.1224409 1.1086614 0.1224409 0 P 0
L 1.0472441 1.1338583 1.0472441 1.1732283 0 P 0
L 1.0496062 1.4444883 1.0496062 1.4807085 0 P 0
L 1.0510618 0.3307086 1.0510618 0.3937008 0 P 0
L 1.0511811 1.2047244 1.0511811 1.2440944 0 P 0
L 1.0531496 0.1043307 1.0925196 0.1043307 0 P 0
L 1.0566929 0.5015749 1.0566929 0.5377951 0 P 0
L 1.0566929 0.5015749 1.1283466 0.5015748 0 P 0
L 1.0566929 0.5377951 1.1283464 0.5377951 0 P 0
L 1.0570867 0.3346457 1.0570867 0.4527559 0 P 0
L 1.0586276 1.0291154 1.0586276 1.0653358 0 P 0
L 1.0586276 1.0291154 1.1302811 1.0291154 0 P 0
L 1.0586276 1.0653358 1.1302811 1.0653357 0 P 0
L 1.0600393 0.2490157 1.0600393 0.3277559 0 P 0
L 1.0600393 0.7194882 1.0994094 0.7194882 0 P 0
L 1.0616142 0.7553151 1.0616143 0.6836615 0 P 0
L 1.0616142 0.7553151 1.0978346 0.755315 0 P 0
L 1.0616143 0.6836615 1.0978345 0.6836615 0 P 0
L 1.0639764 1.2982283 1.0875984 1.2982283 0 P 0
L 1.0653542 1.1177166 1.0653543 1.1893701 0 P 0
L 1.0673229 0.7496063 1.0673229 0.7858267 0 P 0
L 1.0679134 0.3937007 1.0679134 0.5314961 0 P 0
L 1.0679134 1.4035433 1.1072835 1.4035433 0 P 0
L 1.0692912 1.2602361 1.0692913 1.1885826 0 P 0
L 1.0698819 0.3405511 1.0698819 0.4035433 0 P 0
L 1.0698819 0.3405511 1.1919291 0.3405511 0 P 0
L 1.0698819 0.4035433 1.1919291 0.4035433 0 P 0
L 1.0702756 0.8677166 1.0702757 0.9039371 0 P 0
L 1.0728346 0.0846457 1.0728346 0.1240157 0 P 0
L 1.0728347 0.519685 1.1122046 0.5196849 0 P 0
L 1.0732284 0.2031496 1.1125984 0.2031496 0 P 0
L 1.0747694 1.0472256 1.1141394 1.0472256 0 P 0
L 1.0757874 1.2864173 1.0757874 1.3100393 0 P 0
L 1.0767717 0.3996063 1.0767717 0.4940945 0 P 0
L 1.0767717 0.3996063 1.2637795 0.3996063 0 P 0
L 1.0767717 0.4940945 1.2637794 0.4940946 0 P 0
L 1.0767717 1.4734251 1.1161416 1.4734252 0 P 0
L 1.0797244 0.6998032 1.0797244 0.7391732 0 P 0
L 1.0875984 1.3838583 1.0875984 1.4232283 0 P 0
L 1.0885827 0.8366142 1.0885827 0.9153544 0 P 0
L 1.0885827 0.8366142 1.2263779 0.8366142 0 P 0
L 1.0885827 0.9153544 1.2263779 0.9153544 0 P 0
L 1.0925196 0.5393699 1.0925197 0.5 0 P 0
L 1.0929134 0.1834646 1.0929134 0.2228346 0 P 0
L 1.0944544 1.0275406 1.0944544 1.0669106 0 P 0
L 1.0964566 1.4537402 1.0964567 1.4931102 0 P 0
L 1.0978345 0.6836615 1.0978346 0.755315 0 P 0
L 1.0984252 0.2322834 1.0984252 0.3110236 0 P 0
L 1.0984252 0.2322834 1.2362204 0.2322834 0 P 0
L 1.0984252 0.3110236 1.2362204 0.3110236 0 P 0
L 1.1086614 0.0862205 1.1086614 0.1224409 0 P 0
L 1.1112205 -0.0009842 1.1112205 0.1171261 0 P 0
L 1.1112205 -0.0009842 1.2962599 -0.0009842 0 P 0
L 1.1112205 0.1171261 1.2962599 0.1171261 0 P 0
L 1.1112205 0.3720472 1.1505905 0.3720472 0 P 0
L 1.1217576 0.7217005 1.1611276 0.7217005 0 P 0
L 1.1220473 1.2204723 1.1614173 1.2204723 0 P 0
L 1.1233324 0.6858738 1.1233324 0.7575273 0 P 0
L 1.1233324 0.6858738 1.1595527 0.6858738 0 P 0
L 1.1233324 0.7575273 1.1595528 0.7575273 0 P 0
L 1.1236222 1.1846457 1.1236222 1.2562992 0 P 0
L 1.1236222 1.1846457 1.1598425 1.1846456 0 P 0
L 1.1236222 1.2562992 1.1598425 1.2562993 0 P 0
L 1.1275589 0.0399606 1.1275591 0.076181 0 P 0
L 1.1275589 0.0399606 1.1992125 0.0399608 0 P 0
L 1.1275591 0.076181 1.1992126 0.0761811 0 P 0
L 1.1281496 0.042365 1.1281497 0.0061447 0 P 0
L 1.1281496 0.042365 1.1998031 0.0423649 0 P 0
L 1.1281497 0.0061447 1.1998032 0.0061445 0 P 0
L 1.1283464 0.5377951 1.1283466 0.5015748 0 P 0
L 1.128937 1.1259843 1.168307 1.1259843 0 P 0
L 1.1298875 1.0590366 1.1692575 1.0590366 0 P 0
L 1.1302811 1.0291154 1.1302811 1.0653357 0 P 0
L 1.1305119 1.0901575 1.1305119 1.161811 0 P 0
L 1.1305119 1.0901575 1.166732 1.0901575 0 P 0
L 1.1305119 1.161811 1.1667322 1.1618111 0 P 0
L 1.1309055 0.3523622 1.1309055 0.3917322 0 P 0
L 1.1314623 1.0232098 1.1314623 1.0948634 0 P 0
L 1.1314623 1.0232098 1.1676827 1.0232098 0 P 0
L 1.1314623 1.0948634 1.1676827 1.0948634 0 P 0
L 1.1414426 0.7020155 1.1414426 0.7413855 0 P 0
L 1.1417323 1.2007873 1.1417323 1.2401574 0 P 0
L 1.1437008 0.0580709 1.1830708 0.0580708 0 P 0
L 1.1442914 0.0242548 1.1836614 0.0242548 0 P 0
L 1.144685 1.2588583 1.144685 1.3375984 0 P 0
L 1.1456693 0.8759843 1.1692914 0.8759843 0 P 0
L 1.1466535 1.3740157 1.1466535 1.4330709 0 P 0
L 1.1466536 1.476378 1.1860236 1.476378 0 P 0
L 1.1482284 1.5122048 1.1482285 1.4405513 0 P 0
L 1.1482284 1.5122048 1.1844488 1.5122048 0 P 0
L 1.1482285 1.4405513 1.1844487 1.4405513 0 P 0
L 1.148622 1.1062993 1.148622 1.1456693 0 P 0
L 1.1495725 1.0393516 1.1495725 1.0787216 0 P 0
L 1.1496063 1.3484252 1.1889763 1.3484252 0 P 0
L 1.1505906 0.4468504 1.1899606 0.4468504 0 P 0
L 1.1505906 1.3690945 1.1899606 1.3690945 0 P 0
L 1.1511811 1.3125984 1.1511811 1.384252 0 P 0
L 1.1511811 1.3125984 1.1874015 1.3125984 0 P 0
L 1.1511811 1.384252 1.1874015 1.384252 0 P 0
L 1.1521655 1.3332678 1.1521655 1.4049212 0 P 0
L 1.1521655 1.3332678 1.1883857 1.3332678 0 P 0
L 1.1521655 1.4049212 1.1883858 1.4049214 0 P 0
L 1.1531089 0.6393701 1.153109 0.6755904 0 P 0
L 1.1531089 0.6393701 1.2247626 0.6393701 0 P 0
L 1.153109 0.6755904 1.2247625 0.6755904 0 P 0
L 1.1555119 0.2716535 1.1791337 0.2716535 0 P 0
L 1.1574803 0.8641733 1.1574803 0.8877953 0 P 0
L 1.1592429 0.9792945 1.1986129 0.9792945 0 P 0
L 1.1595527 0.6858738 1.1595528 0.7575273 0 P 0
L 1.1598425 1.1846456 1.1598425 1.2562993 0 P 0
L 1.1608178 1.0151213 1.160818 0.9434679 0 P 0
L 1.1608178 1.0151213 1.1970382 1.0151215 0 P 0
L 1.160818 0.9434679 1.1970379 0.9434679 0 P 0
L 1.1624016 1.253937 1.1624016 1.3129922 0 P 0
L 1.1624016 1.253937 1.2805119 1.2539371 0 P 0
L 1.1624016 1.3129922 1.2805118 1.3129922 0 P 0
L 1.1633858 0.0383859 1.1633858 0.0777559 0 P 0
L 1.1639764 0.0045698 1.1639764 0.0439398 0 P 0
L 1.1663386 1.456693 1.1663386 1.496063 0 P 0
L 1.166732 1.0901575 1.1667322 1.1618111 0 P 0
L 1.1673228 0.2598426 1.1673228 0.2834644 0 P 0
L 1.1676827 1.0232098 1.1676827 1.0948634 0 P 0
L 1.1692506 0.6574803 1.2086206 0.6574803 0 P 0
L 1.1692913 1.3287402 1.1692913 1.3681102 0 P 0
L 1.1702756 0.4271654 1.1702756 0.4665354 0 P 0
L 1.1702756 1.3494095 1.1702756 1.3887795 0 P 0
L 1.1731634 1.1459138 1.2125334 1.1459138 0 P 0
L 1.1747382 1.1817406 1.1747383 1.1100871 0 P 0
L 1.1747382 1.1817406 1.2109586 1.1817406 0 P 0
L 1.1747383 1.1100871 1.2109586 1.1100871 0 P 0
L 1.1789279 0.9596095 1.178928 0.9989796 0 P 0
L 1.1844487 1.4405513 1.1844488 1.5122048 0 P 0
L 1.1874015 1.3125984 1.1874015 1.384252 0 P 0
L 1.1883857 1.3332678 1.1883858 1.4049214 0 P 0
L 1.1889356 0.6377953 1.1889356 0.6771653 0 P 0
L 1.1919291 0.3405511 1.1919291 0.4035433 0 P 0
L 1.1928484 1.1262288 1.1928484 1.1655988 0 P 0
L 1.1968504 0.9793307 1.2362205 0.9793305 0 P 0
L 1.1970379 0.9434679 1.1970382 1.0151215 0 P 0
L 1.1984253 0.943504 1.1984253 1.0151574 0 P 0
L 1.1984253 0.943504 1.2346454 0.943504 0 P 0
L 1.1984253 1.0151574 1.2346454 1.0151574 0 P 0
L 1.1988189 1.371063 1.1988189 1.5757873 0 P 0
L 1.1992125 0.0399608 1.1992126 0.0761811 0 P 0
L 1.1998031 0.0423649 1.1998032 0.0061445 0 P 0
L 1.2017717 1.2834646 1.2411417 1.2834646 0 P 0
L 1.2109586 1.1100871 1.2109586 1.1817406 0 P 0
L 1.2125984 0.3395669 1.2125984 0.3986221 0 P 0
L 1.2125984 0.3395669 1.3307086 0.3395669 0 P 0
L 1.2125984 0.3986221 1.3307086 0.3986221 0 P 0
L 1.2125985 0.0403543 1.2519685 0.0403543 0 P 0
L 1.2131431 1.1459139 1.2525131 1.1459139 0 P 0
L 1.2141733 0.0045275 1.2141733 0.0761812 0 P 0
L 1.2141733 0.0045275 1.2503937 0.0045275 0 P 0
L 1.2141733 0.0761812 1.2503936 0.076181 0 P 0
L 1.2147179 1.1817407 1.214718 1.1100872 0 P 0
L 1.2147179 1.1817407 1.2509383 1.1817407 0 P 0
L 1.214718 1.1100872 1.2509382 1.1100872 0 P 0
L 1.2165353 0.9990157 1.2165354 0.9596457 0 P 0
L 1.2210631 1.4612205 1.2210631 1.4974409 0 P 0
L 1.2210631 1.4612205 1.2927165 1.4612206 0 P 0
L 1.2210631 1.4974409 1.2927164 1.4974409 0 P 0
L 1.2214567 1.2637796 1.2214567 1.3031496 0 P 0
L 1.2247625 0.6755904 1.2247626 0.6393701 0 P 0
L 1.2263779 0.8366142 1.2263779 0.9153544 0 P 0
L 1.2299209 1.5320867 1.2299209 1.5683071 0 P 0
L 1.2299209 1.5320867 1.3015746 1.5320868 0 P 0
L 1.2299209 1.5683071 1.3015746 1.568307 0 P 0
L 1.2322835 0.0206693 1.2322835 0.0600393 0 P 0
L 1.2328281 1.1262289 1.2328281 1.1655989 0 P 0
L 1.2346454 0.943504 1.2346454 1.0151574 0 P 0
L 1.2362204 0.2322834 1.2362204 0.3110236 0 P 0
L 1.2372048 1.4793307 1.2765748 1.4793307 0 P 0
L 1.2460628 1.5501969 1.285433 1.5501969 0 P 0
L 1.2476378 0.2850394 1.2476378 0.3212598 0 P 0
L 1.2476378 0.2850394 1.3192915 0.2850394 0 P 0
L 1.2476378 0.3212598 1.3192915 0.3212598 0 P 0
L 1.2503936 0.076181 1.2503937 0.0045275 0 P 0
L 1.2509382 1.1100872 1.2509383 1.1817407 0 P 0
L 1.2509842 0.0009843 1.2509842 0.1427165 0 P 0
L 1.2509842 0.0009843 1.4202756 0.0009843 0 P 0
L 1.2509842 0.1427165 1.4202756 0.1427165 0 P 0
L 1.2519685 0.3690945 1.2913385 0.3690945 0 P 0
L 1.2568898 1.4596457 1.2568898 1.4990157 0 P 0
L 1.2588582 0.1456693 1.2588582 0.2637795 0 P 0
L 1.2588582 0.1456693 1.3179134 0.1456693 0 P 0
L 1.2588582 0.2637795 1.3179134 0.2637795 0 P 0
L 1.2608268 0.2893701 1.2608268 1.3641733 1 P 0
L 1.2608268 0.2893701 1.4950788 0.2893701 1 P 0
L 1.2608268 1.3641733 1.4950788 1.3641733 1 P 0
L 1.2637794 0.4940946 1.2637795 0.3996063 0 P 0
L 1.2637795 0.3031496 1.3031496 0.3031496 0 P 0
L 1.265748 1.5305119 1.265748 1.5698819 0 P 0
L 1.2687008 0.2047244 1.3080708 0.2047244 0 P 0
L 1.2716535 0.3494095 1.2716535 0.3887795 0 P 0
L 1.2736221 0.6663386 1.3129921 0.6663386 0 P 0
L 1.27493 0.5943627 1.27493 0.6305831 0 P 0
L 1.27493 0.5943627 1.3465836 0.5943627 0 P 0
L 1.27493 0.6305831 1.3465836 0.630583 0 P 0
L 1.2751969 0.6305118 1.2751969 0.7021654 0 P 0
L 1.2751969 0.6305118 1.3114173 0.6305118 0 P 0
L 1.2751969 0.7021654 1.3114173 0.7021654 0 P 0
L 1.2791338 0.7023623 1.2791339 0.7385827 0 P 0
L 1.2791338 0.7023623 1.3507874 0.7023624 0 P 0
L 1.2791338 0.7811023 1.2791338 0.8173227 0 P 0
L 1.2791338 0.7811023 1.3507874 0.7811023 0 P 0
L 1.2791338 0.8173227 1.3507874 0.8173227 0 P 0
L 1.2791338 0.8195639 1.2791338 0.8557843 0 P 0
L 1.2791338 0.8195639 1.3507874 0.8195639 0 P 0
L 1.2791338 0.8557843 1.3507874 0.8557843 0 P 0
L 1.2791338 0.8580254 1.2791338 0.8942458 0 P 0
L 1.2791338 0.8580254 1.3507874 0.8580254 0 P 0
L 1.2791338 0.8942458 1.3507874 0.8942458 0 P 0
L 1.2791338 0.8964869 1.2791338 0.9327073 0 P 0
L 1.2791338 0.8964869 1.3507874 0.8964869 0 P 0
L 1.2791338 0.9327073 1.3507874 0.9327073 0 P 0
L 1.2791338 0.9349484 1.2791338 0.9711688 0 P 0
L 1.2791338 0.9349484 1.3507874 0.9349484 0 P 0
L 1.2791338 0.9711688 1.3507874 0.9711688 0 P 0
L 1.2791338 0.9734099 1.2791338 1.0096303 0 P 0
L 1.2791338 0.9734099 1.3507874 0.9734099 0 P 0
L 1.2791338 1.0096303 1.3507874 1.0096303 0 P 0
L 1.2791338 1.0118714 1.2791338 1.0480918 0 P 0
L 1.2791338 1.0118714 1.3507874 1.0118714 0 P 0
L 1.2791338 1.0480918 1.3507874 1.0480918 0 P 0
L 1.2791338 1.0503329 1.2791338 1.0865533 0 P 0
L 1.2791338 1.0503329 1.3507874 1.0503329 0 P 0
L 1.2791338 1.0865533 1.3507874 1.0865533 0 P 0
L 1.2791338 1.0887944 1.2791338 1.1250148 0 P 0
L 1.2791338 1.0887944 1.3507874 1.0887944 0 P 0
L 1.2791338 1.1250148 1.3507874 1.1250148 0 P 0
L 1.2791338 1.1285433 1.2791338 1.1647637 0 P 0
L 1.2791338 1.1285433 1.3507874 1.1285433 0 P 0
L 1.2791338 1.1647637 1.3507874 1.1647637 0 P 0
L 1.2791338 1.1669291 1.2791338 1.2031495 0 P 0
L 1.2791338 1.1669291 1.3507874 1.1669291 0 P 0
L 1.2791338 1.2031495 1.3507874 1.2031495 0 P 0
L 1.2791338 1.2053149 1.2791338 1.2415353 0 P 0
L 1.2791338 1.2053149 1.3507874 1.2053149 0 P 0
L 1.2791338 1.2415353 1.3507874 1.2415353 0 P 0
L 1.2791338 1.2437007 1.2791338 1.2799211 0 P 0
L 1.2791338 1.2437007 1.3507874 1.2437007 0 P 0
L 1.2791338 1.2799211 1.3507874 1.2799211 0 P 0
L 1.2791339 0.7385827 1.3507874 0.7385828 0 P 0
L 1.279134 0.7427168 1.279134 0.778937 0 P 0
L 1.279134 0.7427168 1.3507874 0.7427168 0 P 0
L 1.279134 0.778937 1.3507874 0.778937 0 P 0
L 1.2794938 0.4369893 1.2794938 1.3425011 0 P 0
L 1.2805118 1.3129922 1.2805119 1.2539371 0 P 0
L 1.2830708 1.2811019 1.2830708 1.3173223 0 P 0
L 1.2830708 1.2811019 1.3547244 1.2811019 0 P 0
L 1.2830708 1.3173223 1.3547244 1.3173223 0 P 0
L 1.2830708 1.3204725 1.2830708 1.3566929 0 P 0
L 1.2830708 1.3204725 1.3547244 1.3204725 0 P 0
L 1.2830708 1.3566929 1.3547244 1.3566929 0 P 0
L 1.2834646 0.2834646 1.2834646 0.3228346 0 P 0
L 1.2883858 0.1850394 1.2883858 0.2244094 0 P 0
L 1.2910718 0.6124729 1.3304418 0.6124729 0 P 0
L 1.2913367 0.431102 1.2913369 0.5925196 0 P 0
L 1.2913367 0.431102 1.4330691 0.4311024 0 P 0
L 1.2913369 0.5925196 1.4330691 0.5925196 0 P 0
L 1.2927164 1.4974409 1.2927165 1.4612206 0 P 0
L 1.2933071 0.6466536 1.2933071 0.6860236 0 P 0
L 1.2952756 0.7204726 1.3346456 0.7204726 0 P 0
L 1.2952756 0.7992125 1.3346456 0.7992125 0 P 0
L 1.2952756 0.8376741 1.3346456 0.8376741 0 P 0
L 1.2952756 0.8761356 1.3346456 0.8761356 0 P 0
L 1.2952756 0.9145971 1.3346456 0.9145971 0 P 0
L 1.2952756 0.9530586 1.3346456 0.9530586 0 P 0
L 1.2952756 0.9915201 1.3346456 0.9915201 0 P 0
L 1.2952756 1.0299816 1.3346456 1.0299816 0 P 0
L 1.2952756 1.0684431 1.3346456 1.0684431 0 P 0
L 1.2952756 1.1069046 1.3346456 1.1069046 0 P 0
L 1.2952756 1.1466535 1.3346456 1.1466535 0 P 0
L 1.2952756 1.1850393 1.3346456 1.1850393 0 P 0
L 1.2952756 1.2234251 1.3346456 1.2234251 0 P 0
L 1.2952756 1.2618109 1.3346456 1.2618109 0 P 0
L 1.2952757 0.7608269 1.3346457 0.7608269 0 P 0
L 1.2956693 0.0003937 1.2956693 0.4059055 0 P 0
L 1.2962599 -0.0009842 1.2962599 0.1171261 0 P 0
L 1.2992126 1.2992121 1.3385826 1.2992121 0 P 0
L 1.2992126 1.3385827 1.3385826 1.3385827 0 P 0
L 1.3015746 1.5320868 1.3015746 1.568307 0 P 0
L 1.3037402 0.1639765 1.3037402 0.2001967 0 P 0
L 1.3037402 0.1639765 1.3753937 0.1639764 0 P 0
L 1.3037402 0.2001967 1.3753937 0.2001968 0 P 0
L 1.3057085 1.5909449 1.3057086 1.5547246 0 P 0
L 1.3057085 1.5909449 1.377362 1.5909447 0 P 0
L 1.3057086 1.5547246 1.377362 1.5547246 0 P 0
L 1.3107568 0.5927879 1.3107568 0.6321579 0 P 0
L 1.3114173 0.6305118 1.3114173 0.7021654 0 P 0
L 1.3149606 0.7007876 1.3149606 0.7401576 0 P 0
L 1.3149606 0.7795275 1.3149606 0.8188975 0 P 0
L 1.3149606 0.8179891 1.3149606 0.8573591 0 P 0
L 1.3149606 0.8564506 1.3149606 0.8958206 0 P 0
L 1.3149606 0.8949121 1.3149606 0.9342821 0 P 0
L 1.3149606 0.9333736 1.3149606 0.9727436 0 P 0
L 1.3149606 0.9718351 1.3149606 1.0112051 0 P 0
L 1.3149606 1.0102966 1.3149606 1.0496666 0 P 0
L 1.3149606 1.0487581 1.3149606 1.0881281 0 P 0
L 1.3149606 1.0872196 1.3149606 1.1265896 0 P 0
L 1.3149606 1.1269685 1.3149606 1.1663385 0 P 0
L 1.3149606 1.1653543 1.3149606 1.2047243 0 P 0
L 1.3149606 1.2037401 1.3149606 1.2431101 0 P 0
L 1.3149606 1.2421259 1.3149606 1.2814959 0 P 0
L 1.3149607 0.7411419 1.3149607 0.7805119 0 P 0
L 1.3159448 0.0718504 1.355315 0.0718504 0 P 0
L 1.3179134 0.1456693 1.3179134 0.2637795 0 P 0
L 1.3188976 1.2795271 1.3188976 1.3188971 0 P 0
L 1.3188976 1.3188977 1.3188976 1.3582677 0 P 0
L 1.3192915 0.2850394 1.3192915 0.3212598 0 P 0
L 1.3198819 0.1820866 1.3592519 0.1820866 0 P 0
L 1.3218503 1.5728346 1.3612203 1.5728347 0 P 0
L 1.3307086 0.3395669 1.3307086 0.3986221 0 P 0
L 1.3336614 0.0167323 1.3336614 0.1348425 0 P 0
L 1.3336614 0.0167323 1.3927166 0.0167323 0 P 0
L 1.3336614 0.1348425 1.3927166 0.1348425 0 P 0
L 1.3356299 0.6240158 1.3356299 0.753937 0 P 0
L 1.3356299 0.6240158 1.4379921 0.6240158 0 P 0
L 1.3356299 0.753937 1.4379921 0.753937 0 P 0
L 1.33563 0.0521654 1.33563 0.0915354 0 P 0
L 1.3366141 0.1771654 1.3366141 0.3188976 0 P 0
L 1.3366141 0.1771654 1.5059055 0.1771654 0 P 0
L 1.3366141 0.3188976 1.5059055 0.3188976 0 P 0
L 1.3395669 0.1624016 1.3395669 0.2017716 0 P 0
L 1.3415353 1.5531496 1.3415354 1.5925197 0 P 0
L 1.3454725 0.746063 1.3454725 0.8051182 0 P 0
L 1.3454725 0.746063 1.4635827 0.746063 0 P 0
L 1.3454725 0.8051182 1.4635827 0.8051182 0 P 0
L 1.3465836 0.5943627 1.3465836 0.630583 0 P 0
L 1.3480316 0.5852364 1.3480316 0.6214566 0 P 0
L 1.3480316 0.5852364 1.4196851 0.5852363 0 P 0
L 1.3480316 0.6214566 1.4196851 0.6214567 0 P 0
L 1.3490157 0.8224409 1.3490157 0.8586613 0 P 0
L 1.3490157 0.8224409 1.4206693 0.8224409 0 P 0
L 1.3490157 0.8586613 1.4206693 0.8586613 0 P 0
L 1.3490157 0.861614 1.3490157 0.8978344 0 P 0
L 1.3490157 0.861614 1.4206693 0.861614 0 P 0
L 1.3490157 0.8978344 1.4206693 0.8978344 0 P 0
L 1.3490157 0.9007871 1.3490157 0.9370075 0 P 0
L 1.3490157 0.9007871 1.4206693 0.9007871 0 P 0
L 1.3490157 0.9370075 1.4206693 0.9370075 0 P 0
L 1.3490157 0.9399602 1.3490157 0.9761806 0 P 0
L 1.3490157 0.9399602 1.4206693 0.9399602 0 P 0
L 1.3490157 0.9761806 1.4206693 0.9761806 0 P 0
L 1.3490157 0.9791333 1.3490157 1.0153537 0 P 0
L 1.3490157 0.9791333 1.4206693 0.9791333 0 P 0
L 1.3490157 1.0153537 1.4206693 1.0153537 0 P 0
L 1.3490157 1.0183064 1.3490157 1.0545268 0 P 0
L 1.3490157 1.0183064 1.4206693 1.0183064 0 P 0
L 1.3490157 1.0545268 1.4206693 1.0545268 0 P 0
L 1.3490157 1.0832678 1.3490157 1.1194882 0 P 0
L 1.3490157 1.0832678 1.4206693 1.0832678 0 P 0
L 1.3490157 1.1194882 1.4206693 1.1194882 0 P 0
L 1.3490157 1.1219818 1.3490157 1.1582022 0 P 0
L 1.3490157 1.1219818 1.4206693 1.1219818 0 P 0
L 1.3490157 1.1582022 1.4206693 1.1582022 0 P 0
L 1.3490157 1.1606958 1.3490157 1.1969162 0 P 0
L 1.3490157 1.1606958 1.4206693 1.1606958 0 P 0
L 1.3490157 1.1969162 1.4206693 1.1969162 0 P 0
L 1.3490157 1.1994098 1.3490157 1.2356302 0 P 0
L 1.3490157 1.1994098 1.4206693 1.1994098 0 P 0
L 1.3490157 1.2356302 1.4206693 1.2356302 0 P 0
L 1.3507874 0.7023624 1.3507874 0.7385828 0 P 0
L 1.3507874 0.7427168 1.3507874 0.778937 0 P 0
L 1.3507874 0.7811023 1.3507874 0.8173227 0 P 0
L 1.3507874 0.8195639 1.3507874 0.8557843 0 P 0
L 1.3507874 0.8580254 1.3507874 0.8942458 0 P 0
L 1.3507874 0.8964869 1.3507874 0.9327073 0 P 0
L 1.3507874 0.9349484 1.3507874 0.9711688 0 P 0
L 1.3507874 0.9734099 1.3507874 1.0096303 0 P 0
L 1.3507874 1.0118714 1.3507874 1.0480918 0 P 0
L 1.3507874 1.0503329 1.3507874 1.0865533 0 P 0
L 1.3507874 1.0887944 1.3507874 1.1250148 0 P 0
L 1.3507874 1.1285433 1.3507874 1.1647637 0 P 0
L 1.3507874 1.1669291 1.3507874 1.2031495 0 P 0
L 1.3507874 1.2053149 1.3507874 1.2415353 0 P 0
L 1.3507874 1.2437007 1.3507874 1.2799211 0 P 0
L 1.3513781 0.0757874 1.3749999 0.0757874 0 P 0
L 1.3547244 1.2811019 1.3547244 1.3173223 0 P 0
L 1.3547244 1.3204725 1.3547244 1.3566929 0 P 0
L 1.355315 0.3582677 1.394685 0.3582677 0 P 0
L 1.3568898 0.2019685 1.3568898 0.2783465 0 P 0
L 1.3568898 0.2019685 1.3970472 0.2019685 0 P 0
L 1.3568898 0.2783465 1.3970472 0.2783465 0 P 0
L 1.3568898 0.3224409 1.3568898 0.3940945 0 P 0
L 1.3568898 0.3224409 1.3931102 0.3224409 0 P 0
L 1.3568898 0.3940945 1.3931102 0.3940945 0 P 0
L 1.3572835 0.2401575 1.3966535 0.2401575 0 P 0
L 1.363189 0.0639765 1.363189 0.0875983 0 P 0
L 1.3641733 0.6033465 1.4035433 0.6033465 0 P 0
L 1.3651575 0.8405511 1.4045275 0.8405511 0 P 0
L 1.3651575 0.8797242 1.4045275 0.8797242 0 P 0
L 1.3651575 0.9188973 1.4045275 0.9188973 0 P 0
L 1.3651575 0.9580704 1.4045275 0.9580704 0 P 0
L 1.3651575 0.9972435 1.4045275 0.9972435 0 P 0
L 1.3651575 1.0364166 1.4045275 1.0364166 0 P 0
L 1.3651575 1.101378 1.4045275 1.101378 0 P 0
L 1.3651575 1.140092 1.4045275 1.140092 0 P 0
L 1.3651575 1.178806 1.4045275 1.178806 0 P 0
L 1.3651575 1.21752 1.4045275 1.21752 0 P 0
L 1.367126 0.6889764 1.406496 0.6889764 0 P 0
L 1.375 0.3385827 1.375 0.3779527 0 P 0
L 1.3753937 0.1639764 1.3753937 0.2001968 0 P 0
L 1.3769685 0.2204725 1.3769685 0.2598425 0 P 0
L 1.377362 1.5547246 1.377362 1.5909447 0 P 0
L 1.3805118 0.1639764 1.3805118 0.2001968 0 P 0
L 1.3805118 0.1639764 1.4521654 0.1639764 0 P 0
L 1.3805118 0.2001968 1.4521654 0.2001968 0 P 0
L 1.3838583 0.5836615 1.3838583 0.6230315 0 P 0
L 1.3848425 0.8208661 1.3848425 0.8602361 0 P 0
L 1.3848425 0.8600392 1.3848425 0.8994092 0 P 0
L 1.3848425 0.8992123 1.3848425 0.9385823 0 P 0
L 1.3848425 0.9383854 1.3848425 0.9777554 0 P 0
L 1.3848425 0.9775585 1.3848425 1.0169285 0 P 0
L 1.3848425 1.0167316 1.3848425 1.0561016 0 P 0
L 1.3848425 1.081693 1.3848425 1.121063 0 P 0
L 1.3848425 1.120407 1.3848425 1.159777 0 P 0
L 1.3848425 1.159121 1.3848425 1.198491 0 P 0
L 1.3848425 1.197835 1.3848425 1.237205 0 P 0
L 1.3848426 0.7755906 1.4242126 0.7755906 0 P 0
L 1.386811 0.6692914 1.386811 0.7086614 0 P 0
L 1.3927166 0.0167323 1.3927166 0.1348425 0 P 0
L 1.3931102 0.3224409 1.3931102 0.3940945 0 P 0
L 1.3962598 0.3913386 1.3962598 0.427559 0 P 0
L 1.3962598 0.3913386 1.4679134 0.3913386 0 P 0
L 1.3962598 0.427559 1.4679134 0.427559 0 P 0
L 1.3966536 0.1820866 1.4360236 0.1820866 0 P 0
L 1.3970472 0.2019685 1.3970472 0.2783465 0 P 0
L 1.4045276 0.7559056 1.4045276 0.7952756 0 P 0
L 1.4124016 0.4094488 1.4517716 0.4094488 0 P 0
L 1.4163386 0.1624016 1.4163386 0.2017716 0 P 0
L 1.4196851 0.5852363 1.4196851 0.6214567 0 P 0
L 1.4202756 0.0009843 1.4202756 0.1427165 0 P 0
L 1.4206693 0.8224409 1.4206693 0.8586613 0 P 0
L 1.4206693 0.861614 1.4206693 0.8978344 0 P 0
L 1.4206693 0.9007871 1.4206693 0.9370075 0 P 0
L 1.4206693 0.9399602 1.4206693 0.9761806 0 P 0
L 1.4206693 0.9791333 1.4206693 1.0153537 0 P 0
L 1.4206693 1.0183064 1.4206693 1.0545268 0 P 0
L 1.4206693 1.0832678 1.4206693 1.1194882 0 P 0
L 1.4206693 1.1219818 1.4206693 1.1582022 0 P 0
L 1.4206693 1.1606958 1.4206693 1.1969162 0 P 0
L 1.4206693 1.1994098 1.4206693 1.2356302 0 P 0
L 1.4320866 0.3897638 1.4320866 0.4291338 0 P 0
L 1.4330691 0.4311024 1.4330691 0.5925196 0 P 0
L 1.4379921 0.6240158 1.4379921 0.753937 0 P 0
L 1.4399607 0.6732283 1.4793307 0.6732283 0 P 0
L 1.4415355 0.7090551 1.4415356 0.6374016 0 P 0
L 1.4415355 0.7090551 1.4777559 0.7090551 0 P 0
L 1.4415356 0.6374016 1.4777558 0.6374016 0 P 0
L 1.4521654 0.1639764 1.4521654 0.2001968 0 P 0
L 1.4596457 0.6535433 1.4596457 0.6929133 0 P 0
L 1.4635827 0.746063 1.4635827 0.8051182 0 P 0
L 1.464567 0.261811 1.503937 0.261811 0 P 0
L 1.4661418 0.2259842 1.4661418 0.2976378 0 P 0
L 1.4661418 0.2259842 1.5023622 0.2259842 0 P 0
L 1.4661418 0.2976378 1.5023622 0.2976378 0 P 0
L 1.4679134 0.3913386 1.4679134 0.427559 0 P 0
L 1.4777558 0.6374016 1.4777559 0.7090551 0 P 0
L 1.484252 0.242126 1.484252 0.281496 0 P 0
L 1.4950788 0.2893701 1.4950788 1.3641733 1 P 0
L 1.496195 1.3443807 1.496195 1.4939869 0 P 0
L 1.496195 1.3443807 1.6339902 1.3443807 0 P 0
L 1.496195 1.4939869 1.6339902 1.4939869 0 P 0
L 1.5019685 0.1574803 1.5019685 0.2992125 0 P 0
L 1.5019685 0.1574803 1.6555119 0.1574803 0 P 0
L 1.5019685 0.2992125 1.6555119 0.2992125 0 P 0
L 1.5023622 0.2259842 1.5023622 0.2976378 0 P 0
L 1.5059055 0.1771654 1.5059055 0.3188976 0 P 0
L 1.5078741 0.5531495 1.5078741 0.7066929 0 P 0
L 1.5078741 0.5531495 1.6496063 0.5531495 0 P 0
L 1.5078741 0.7066929 1.6496063 0.7066929 0 P 0
L 1.5114173 0.2889764 1.5114173 0.3251968 0 P 0
L 1.5114173 0.2889764 1.583071 0.2889764 0 P 0
L 1.5114173 0.3251968 1.583071 0.3251968 0 P 0
L 1.5252839 1.3656405 1.5646539 1.3656405 0 P 0
L 1.5252839 1.4404436 1.5646539 1.4404436 0 P 0
L 1.5268587 1.3298137 1.5268588 1.4014672 0 P 0
L 1.5268587 1.3298137 1.5630791 1.3298137 0 P 0
L 1.5268587 1.4046168 1.5268587 1.4762704 0 P 0
L 1.5268587 1.4046168 1.5630791 1.4046168 0 P 0
L 1.5268587 1.4762704 1.5630791 1.4762704 0 P 0
L 1.5268588 1.4014672 1.5630791 1.4014672 0 P 0
L 1.527559 0.3070866 1.5669291 0.3070866 0 P 0
L 1.5389761 0.1551181 1.5389761 0.1913385 0 P 0
L 1.5389761 0.1551181 1.6106298 0.1551182 0 P 0
L 1.5389761 0.1913385 1.6106298 0.1913384 0 P 0
L 1.5449689 1.3459555 1.5449689 1.3853255 0 P 0
L 1.5449689 1.4207586 1.5449689 1.4601286 0 P 0
L 1.5454076 1.4191838 1.5847776 1.4191838 0 P 0
L 1.5472441 0.2874016 1.5472441 0.3267716 0 P 0
L 1.5551181 0.1732283 1.5944881 0.1732283 0 P 0
L 1.5590552 0.2283464 1.5984252 0.2283464 0 P 0
L 1.5590552 0.6299212 1.5984252 0.6299212 0 P 0
L 1.5630791 1.3298137 1.5630791 1.4014672 0 P 0
L 1.5630791 1.4046168 1.5630791 1.4762704 0 P 0
L 1.5642099 0.8704957 1.60358 0.8704957 0 P 0
L 1.5650926 1.3611129 1.5650926 1.4772547 0 P 0
L 1.5650926 1.3611129 1.6162738 1.3611129 0 P 0
L 1.5650926 1.3994988 1.5650926 1.4388688 0 P 0
L 1.5650926 1.4772547 1.6162738 1.4772547 0 P 0
L 1.5657847 0.8346687 1.5657847 0.9063226 0 P 0
L 1.5657847 0.8346687 1.602005 0.8346688 0 P 0
L 1.5657847 0.9063226 1.602005 0.9063225 0 P 0
L 1.5748031 0.1535433 1.5748031 0.1929133 0 P 0
L 1.5787402 0.2086614 1.5787402 0.2480314 0 P 0
L 1.5787402 0.6102362 1.5787402 0.6496062 0 P 0
L 1.583071 0.2889764 1.583071 0.3251968 0 P 0
L 1.583895 0.8508107 1.583895 0.8901807 0 P 0
L 1.602005 0.8346688 1.602005 0.9063225 0 P 0
L 1.6051397 0.8704957 1.6445097 0.8704957 0 P 0
L 1.6067144 0.8346689 1.6067148 0.9063225 0 P 0
L 1.6067144 0.8346689 1.6429348 0.834669 0 P 0
L 1.6067148 0.9063225 1.6429348 0.9063223 0 P 0
L 1.6106298 0.1551182 1.6106298 0.1913384 0 P 0
L 1.6162738 1.3611129 1.6162738 1.4772547 0 P 0
L 1.6248247 0.8508107 1.6248247 0.8901807 0 P 0
L 1.6339902 1.3443807 1.6339902 1.4939869 0 P 0
L 1.6429348 0.834669 1.6429348 0.9063223 0 P 0
L 1.6496063 0.5531495 1.6496063 0.7066929 0 P 0
L 1.6555119 0.1574803 1.6555119 0.2992125 0 P 0
L 1.9005905 0.28937 1.9005905 1.3641732 0 P 0
L 1.9005905 0.28937 2.1151575 0.28937 0 P 0
L 1.9005905 1.3641732 2.0511811 1.3641732 0 P 0
L 1.9094488 0.1358267 1.9094488 0.2263779 0 P 0
L 1.9094488 0.1358267 2.1062992 0.1358267 0 P 0
L 1.9094488 0.2263779 2.1062992 0.2263779 0 P 0
L 1.9881889 0.1811023 2.027559 0.1811023 0 P 0
L 2.007874 0.1614173 2.007874 0.2007874 0 P 0
L 2.0511811 1.3641732 2.1151575 1.3001968 0 P 0
L 2.1062992 0.1358267 2.1062992 0.2263779 0 P 0
L 2.1151575 0.28937 2.1151575 1.3001968 0 P 0
L 2.2372256 0.0189488 2.2372256 0.2984764 0 P 0
L 2.2372256 0.0189488 2.5758082 0.0189489 0 P 0
L 2.2372256 0.2984764 2.5758082 0.2984764 0 P 0
L 2.257832 0.8279961 2.297202 0.8279961 0 P 0
L 2.2594068 0.7921693 2.2594068 0.8638229 0 P 0
L 2.2594068 0.7921693 2.2956272 0.7921693 0 P 0
L 2.2594068 0.8638229 2.2956272 0.8638229 0 P 0
L 2.277517 0.8083111 2.277517 0.8476811 0 P 0
L 2.2956272 0.7921693 2.2956272 0.8638229 0 P 0
L 2.304832 0.8277126 2.344202 0.8277126 0 P 0
L 2.3064068 0.7918858 2.3064068 0.8635394 0 P 0
L 2.3064068 0.7918858 2.3426272 0.7918858 0 P 0
L 2.3064068 0.8635394 2.3426272 0.8635394 0 P 0
L 2.3089317 1.3541848 2.3089317 1.5372556 0 P 0
L 2.3089317 1.3541848 2.3994829 1.3541848 0 P 0
L 2.3089317 1.5372556 2.3994829 1.5372556 0 P 0
L 2.324517 0.8080276 2.324517 0.8473976 0 P 0
L 2.3345223 1.4457202 2.3738923 1.4457202 0 P 0
L 2.3426272 0.7918858 2.3426272 0.8635394 0 P 0
L 2.3542073 1.4260352 2.3542073 1.4654052 0 P 0
L 2.3868319 0.1587126 2.4262019 0.1587126 0 P 0
L 2.3994829 1.3541848 2.3994829 1.5372556 0 P 0
L 2.400467 1.5756415 2.4004671 1.5165863 0 P 0
L 2.400467 1.5756415 2.5225142 1.5756415 0 P 0
L 2.4004671 1.5165863 2.5225143 1.5165863 0 P 0
L 2.4024357 1.4181611 2.4024357 1.4772163 0 P 0
L 2.4024357 1.4181611 2.5244829 1.4181611 0 P 0
L 2.4024357 1.4772163 2.5244829 1.4772163 0 P 0
L 2.4063725 1.3581218 2.4063725 1.417177 0 P 0
L 2.4063725 1.3581218 2.5244828 1.3581218 0 P 0
L 2.4063725 1.417177 2.5244828 1.417177 0 P 0
L 2.4065169 0.1390276 2.406517 0.1783975 0 P 0
L 2.4189658 0.315185 2.4189658 0.3742402 0 P 0
L 2.4189658 0.315185 2.5370759 0.315185 0 P 0
L 2.4189658 0.3742402 2.537076 0.3742402 0 P 0
L 2.4276325 1.5890274 2.4276325 1.6252478 0 P 0
L 2.4276325 1.5890274 2.4992861 1.5890274 0 P 0
L 2.4276325 1.6252478 2.4992861 1.6252478 0 P 0
L 2.4315695 1.3183581 2.4315695 1.3545785 0 P 0
L 2.4315695 1.3183581 2.5032231 1.3183581 0 P 0
L 2.4315695 1.3545785 2.5032231 1.3545785 0 P 0
L 2.4437743 1.6071376 2.4831443 1.6071376 0 P 0
L 2.4457427 1.3876494 2.4851127 1.3876493 0 P 0
L 2.4477113 1.3364683 2.4870813 1.3364683 0 P 0
L 2.4496797 1.5461138 2.4733016 1.5461139 0 P 0
L 2.4516484 1.4476887 2.4752704 1.4476887 0 P 0
L 2.4614906 1.5343029 2.4614907 1.5579248 0 P 0
L 2.4634593 1.4358778 2.4634593 1.4594996 0 P 0
L 2.4634593 1.5874526 2.4634593 1.6268226 0 P 0
L 2.4654277 1.4073343 2.4654278 1.3679644 0 P 0
L 2.46621 0.3447126 2.4898318 0.3447126 0 P 0
L 2.466832 1.1889961 2.506202 1.1889961 0 P 0
L 2.4673963 1.3167833 2.4673963 1.3561533 0 P 0
L 2.4684068 1.1531693 2.4684068 1.2248229 0 P 0
L 2.4684068 1.1531693 2.5046272 1.1531693 0 P 0
L 2.4684068 1.2248229 2.5046272 1.2248229 0 P 0
L 2.4694882 0.4665353 2.5088582 0.4665353 0 P 0
L 2.471063 0.4307085 2.4710631 0.502362 0 P 0
L 2.471063 0.4307085 2.5072834 0.4307085 0 P 0
L 2.4710631 0.502362 2.5072835 0.5023621 0 P 0
L 2.4780209 0.3329017 2.4780209 0.3565235 0 P 0
L 2.486517 1.1693111 2.486517 1.2086811 0 P 0
L 2.4891732 0.4468503 2.4891732 0.4862203 0 P 0
L 2.490832 1.2617126 2.530202 1.2617126 0 P 0
L 2.4924068 1.2258858 2.4924068 1.2975394 0 P 0
L 2.4924068 1.2258858 2.5286272 1.2258858 0 P 0
L 2.4924068 1.2975394 2.5286272 1.2975394 0 P 0
L 2.4992861 1.5890274 2.4992861 1.6252478 0 P 0
L 2.5032231 1.3183581 2.5032231 1.3545785 0 P 0
L 2.5046272 1.1531693 2.5046272 1.2248229 0 P 0
L 2.5072834 0.4307085 2.5072835 0.5023621 0 P 0
L 2.509832 0.4669961 2.549202 0.4669961 0 P 0
L 2.510517 1.2420276 2.510517 1.2813976 0 P 0
L 2.5114068 0.4311693 2.5114068 0.5028229 0 P 0
L 2.5114068 0.4311693 2.5476272 0.4311693 0 P 0
L 2.5114068 0.5028229 2.5476272 0.5028229 0 P 0
L 2.518832 1.1897126 2.558202 1.1897126 0 P 0
L 2.5204068 1.1538858 2.5204068 1.2255394 0 P 0
L 2.5204068 1.1538858 2.5566272 1.1538858 0 P 0
L 2.5204068 1.2255394 2.5566272 1.2255394 0 P 0
L 2.5225142 1.5756415 2.5225143 1.5165863 0 P 0
L 2.5244828 1.3581218 2.5244828 1.417177 0 P 0
L 2.5244829 1.4181611 2.5244829 1.4772163 0 P 0
L 2.5255906 1.6368109 2.5255907 1.3572833 0 P 0
L 2.5255906 1.6368109 2.8641732 1.636811 0 P 0
L 2.5255907 1.3572833 2.8641732 1.3572833 0 P 0
L 2.5286272 1.2258858 2.5286272 1.2975394 0 P 0
L 2.529517 0.4473111 2.529517 0.4866811 0 P 0
L 2.5370759 0.315185 2.537076 0.3742402 0 P 0
L 2.538517 1.1700276 2.538517 1.2093976 0 P 0
L 2.543832 1.2614291 2.583202 1.2614291 0 P 0
L 2.5454068 1.2256023 2.5454068 1.2972559 0 P 0
L 2.5454068 1.2256023 2.5816272 1.2256023 0 P 0
L 2.5454068 1.2972559 2.5816272 1.2972559 0 P 0
L 2.5476272 0.4311693 2.5476272 0.5028229 0 P 0
L 2.5566272 1.1538858 2.5566272 1.2255394 0 P 0
L 2.563517 1.2417441 2.563517 1.2811141 0 P 0
L 2.570832 1.1889763 2.610202 1.1889763 0 P 0
L 2.5724068 1.1531495 2.5724068 1.2248031 0 P 0
L 2.5724068 1.1531495 2.6086272 1.1531495 0 P 0
L 2.5724068 1.2248031 2.6086272 1.2248031 0 P 0
L 2.573832 0.4967126 2.613202 0.4967126 0 P 0
L 2.5754068 0.4608858 2.5754068 0.5325394 0 P 0
L 2.5754068 0.4608858 2.6116272 0.4608858 0 P 0
L 2.5754068 0.5325394 2.6116272 0.5325394 0 P 0
L 2.5758082 0.0189489 2.5758082 0.2984764 0 P 0
L 2.5777558 0.1781495 2.5777558 0.2962597 0 P 0
L 2.5777558 0.1781495 2.636811 0.1781494 0 P 0
L 2.5777558 0.2962597 2.636811 0.2962597 0 P 0
L 2.5816272 1.2256023 2.5816272 1.2972559 0 P 0
L 2.5867746 0.0675132 2.6261446 0.0675132 0 P 0
L 2.5883494 0.0316864 2.5883494 0.10334 0 P 0
L 2.5883494 0.0316864 2.6245698 0.0316864 0 P 0
L 2.5883494 0.10334 2.6245698 0.10334 0 P 0
L 2.590517 1.1692913 2.590517 1.2086613 0 P 0
L 2.593517 0.4770276 2.593517 0.5163976 0 P 0
L 2.5954725 0.2372046 2.6190943 0.2372046 0 P 0
L 2.6064596 0.0478282 2.6064596 0.0871982 0 P 0
L 2.6072834 0.2253937 2.6072834 0.2490155 0 P 0
L 2.6086272 1.1531495 2.6086272 1.2248031 0 P 0
L 2.6116272 0.4608858 2.6116272 0.5325394 0 P 0
L 2.611832 1.1889763 2.651202 1.1889763 0 P 0
L 2.6134068 1.1531495 2.6134068 1.2248031 0 P 0
L 2.6134068 1.1531495 2.6496272 1.1531495 0 P 0
L 2.6134068 1.2248031 2.6496272 1.2248031 0 P 0
L 2.6245698 0.0316864 2.6245698 0.10334 0 P 0
L 2.6278292 1.2360746 2.6278293 1.2951297 0 P 0
L 2.6278292 1.2360746 2.7459396 1.2360746 0 P 0
L 2.6278293 1.2951297 2.7459395 1.2951297 0 P 0
L 2.6278294 1.2961139 2.6278294 1.3551691 0 P 0
L 2.6278294 1.2961139 2.7459396 1.2961139 0 P 0
L 2.6278294 1.3551691 2.7459396 1.3551691 0 P 0
L 2.631517 1.1692913 2.631517 1.2086613 0 P 0
L 2.636811 0.1781494 2.636811 0.2962597 0 P 0
L 2.6377952 0.0206692 2.6377952 0.1427164 0 P 0
L 2.6377952 0.0206692 2.6968504 0.0206692 0 P 0
L 2.6377952 0.1427164 2.6968504 0.1427164 0 P 0
L 2.6387795 0.1771652 2.6387795 0.2362204 0 P 0
L 2.6387795 0.1771652 2.7608267 0.1771652 0 P 0
L 2.6387795 0.2362204 2.7608267 0.2362204 0 P 0
L 2.6397637 0.2381889 2.6397637 0.3562991 0 P 0
L 2.6397637 0.2381889 2.6988189 0.2381889 0 P 0
L 2.6397637 0.3562991 2.6988189 0.3562991 0 P 0
L 2.6496063 0.297244 2.6889763 0.297244 0 P 0
L 2.6496272 1.1531495 2.6496272 1.2248031 0 P 0
L 2.649832 0.4954291 2.689202 0.4954291 0 P 0
L 2.6514068 0.4596023 2.6514068 0.5312559 0 P 0
L 2.6514068 0.4596023 2.6876272 0.4596023 0 P 0
L 2.6514068 0.5312559 2.6876272 0.5312559 0 P 0
L 2.652832 1.1889763 2.692202 1.1889763 0 P 0
L 2.6544068 1.1531495 2.6544068 1.2248031 0 P 0
L 2.6544068 1.1531495 2.6906272 1.1531495 0 P 0
L 2.6544068 1.2248031 2.6906272 1.2248031 0 P 0
L 2.6555119 0.0816928 2.6791337 0.0816928 0 P 0
L 2.6673228 0.0698819 2.6673228 0.0935037 0 P 0
L 2.6692913 0.277559 2.6692913 0.316929 0 P 0
L 2.669517 0.4757441 2.669517 0.5151141 0 P 0
L 2.672517 1.1692913 2.672517 1.2086613 0 P 0
L 2.6750735 1.2656021 2.6986953 1.2656021 0 P 0
L 2.6750736 1.3256415 2.6986955 1.3256416 0 P 0
L 2.6751968 1.4970471 2.7145669 1.4970471 0 P 0
L 2.6868844 1.253791 2.6868844 1.277413 0 P 0
L 2.6868845 1.3138306 2.6868846 1.3374525 0 P 0
L 2.6876272 0.4596023 2.6876272 0.5312559 0 P 0
L 2.6879922 0.2066928 2.711614 0.2066928 0 P 0
L 2.6906272 1.1531495 2.6906272 1.2248031 0 P 0
L 2.693832 0.4967126 2.733202 0.4967126 0 P 0
L 2.693832 1.1889763 2.733202 1.1889763 0 P 0
L 2.6948818 1.4773621 2.6948818 1.5167321 0 P 0
L 2.6954068 0.4608858 2.6954068 0.5325394 0 P 0
L 2.6954068 0.4608858 2.7316272 0.4608858 0 P 0
L 2.6954068 0.5325394 2.7316272 0.5325394 0 P 0
L 2.6954068 1.1531495 2.6954068 1.2248031 0 P 0
L 2.6954068 1.1531495 2.7316272 1.1531495 0 P 0
L 2.6954068 1.2248031 2.7316272 1.2248031 0 P 0
L 2.6968504 0.0206692 2.6968504 0.1427164 0 P 0
L 2.6988189 0.2381889 2.6988189 0.3562991 0 P 0
L 2.6998031 0.1948819 2.6998031 0.2185037 0 P 0
L 2.7037401 0.2618109 2.7037401 0.3523621 0 P 0
L 2.7037401 0.2618109 2.8868109 0.2618109 0 P 0
L 2.7037401 0.3523621 2.8868109 0.3523621 0 P 0
L 2.713517 0.4770276 2.713517 0.5163976 0 P 0
L 2.713517 1.1692913 2.713517 1.2086613 0 P 0
L 2.7316272 0.4608858 2.7316272 0.5325394 0 P 0
L 2.7316272 1.1531495 2.7316272 1.2248031 0 P 0
L 2.7364067 0.9646024 2.7364067 1.0008228 0 P 0
L 2.7364067 0.9646024 2.8080603 0.9646024 0 P 0
L 2.7364067 1.0008228 2.8080603 1.0008228 0 P 0
L 2.7394067 0.8658544 2.7394067 0.9020748 0 P 0
L 2.7394067 0.8658544 2.8110603 0.8658544 0 P 0
L 2.7394067 0.9020748 2.8110603 0.9020748 0 P 0
L 2.7399973 0.7279527 2.7399973 0.7641731 0 P 0
L 2.7399973 0.7279527 2.8116509 0.7279527 0 P 0
L 2.7399973 0.7641731 2.8116509 0.7641731 0 P 0
L 2.7399973 0.7858544 2.7399973 0.8220748 0 P 0
L 2.7399973 0.7858544 2.8116509 0.7858544 0 P 0
L 2.7399973 0.8220748 2.8116509 0.8220748 0 P 0
L 2.7399973 0.8258544 2.7399973 0.8620748 0 P 0
L 2.7399973 0.8258544 2.8116509 0.8258544 0 P 0
L 2.7399973 0.8620748 2.8116509 0.8620748 0 P 0
L 2.7406902 0.5386024 2.7406902 0.5748228 0 P 0
L 2.7406902 0.5386024 2.8123438 0.5386024 0 P 0
L 2.7406902 0.5748228 2.8123438 0.5748228 0 P 0
L 2.7459395 1.2951297 2.7459396 1.2360746 0 P 0
L 2.7459396 1.2961139 2.7459396 1.3551691 0 P 0
L 2.7486194 1.0340592 2.7486194 1.0702796 0 P 0
L 2.7486194 1.0340592 2.820273 1.0340592 0 P 0
L 2.7486194 1.0702796 2.820273 1.0702796 0 P 0
L 2.7525485 0.9827126 2.7919185 0.9827126 0 P 0
L 2.7555485 0.8839646 2.7949185 0.8839646 0 P 0
L 2.7561391 0.7460629 2.7955091 0.7460629 0 P 0
L 2.7561391 0.8039646 2.7955091 0.8039646 0 P 0
L 2.7561391 0.8439646 2.7955091 0.8439646 0 P 0
L 2.756832 0.5567126 2.796202 0.5567126 0 P 0
L 2.7608267 0.1771652 2.7608267 0.2362204 0 P 0
L 2.7647612 1.0521694 2.8041312 1.0521694 0 P 0
L 2.7716534 1.3562991 2.7716536 1.2657479 0 P 0
L 2.7716534 1.3562991 2.9547242 1.3562991 0 P 0
L 2.7716536 1.2657479 2.9547243 1.2657479 0 P 0
L 2.7722335 0.9630276 2.7722335 1.0023976 0 P 0
L 2.7752335 0.8642796 2.7752335 0.9036496 0 P 0
L 2.7755905 0.3070865 2.8149605 0.3070865 0 P 0
L 2.7758241 0.7263779 2.7758241 0.7657479 0 P 0
L 2.7758241 0.7842796 2.7758241 0.8236496 0 P 0
L 2.7758241 0.8242796 2.7758241 0.8636496 0 P 0
L 2.776517 0.5370276 2.776517 0.5763976 0 P 0
L 2.7805117 0.0246061 2.7805117 0.1407479 0 P 0
L 2.7805117 0.0246061 2.8316929 0.0246061 0 P 0
L 2.7805117 0.1407479 2.8316929 0.1407479 0 P 0
L 2.7844462 1.0324844 2.7844462 1.0718544 0 P 0
L 2.7864174 0.1830708 2.8257874 0.1830708 0 P 0
L 2.7879922 0.147244 2.7879922 0.2188976 0 P 0
L 2.7879922 0.147244 2.8242126 0.147244 0 P 0
L 2.7879922 0.2188976 2.8242126 0.2188976 0 P 0
L 2.7952755 0.2874015 2.7952755 0.3267715 0 P 0
L 2.8061024 0.1633858 2.8061024 0.2027558 0 P 0
L 2.8080603 0.9646024 2.8080603 1.0008228 0 P 0
L 2.8110603 0.8658544 2.8110603 0.9020748 0 P 0
L 2.8116509 0.7279527 2.8116509 0.7641731 0 P 0
L 2.8116509 0.7858544 2.8116509 0.8220748 0 P 0
L 2.8116509 0.8258544 2.8116509 0.8620748 0 P 0
L 2.8123438 0.5386024 2.8123438 0.5748228 0 P 0
L 2.820273 1.0340592 2.820273 1.0702796 0 P 0
L 2.8242126 0.147244 2.8242126 0.2188976 0 P 0
L 2.8243432 0.5478346 2.8243432 0.584055 0 P 0
L 2.8243432 0.5478346 2.8959969 0.5478346 0 P 0
L 2.8243432 0.584055 2.8959967 0.5840549 0 P 0
L 2.8243433 0.5872045 2.8243434 0.6234249 0 P 0
L 2.8243433 0.5872045 2.8959969 0.5872046 0 P 0
L 2.8243433 0.6627952 2.8243434 0.6265748 0 P 0
L 2.8243433 0.6627952 2.8959969 0.6627951 0 P 0
L 2.8243434 0.6234249 2.8959969 0.623425 0 P 0
L 2.8243434 0.6265748 2.8959969 0.6265747 0 P 0
L 2.8244094 0.6649605 2.8244094 0.7011809 0 P 0
L 2.8244094 0.6649605 2.896063 0.6649605 0 P 0
L 2.8244094 0.7011809 2.896063 0.7011809 0 P 0
L 2.8244094 0.7033464 2.8244094 0.7395668 0 P 0
L 2.8244094 0.7033464 2.896063 0.7033464 0 P 0
L 2.8244094 0.7395668 2.896063 0.7395668 0 P 0
L 2.8244094 0.7427165 2.8244094 0.7789369 0 P 0
L 2.8244094 0.7427165 2.896063 0.7427165 0 P 0
L 2.8244094 0.7789369 2.896063 0.7789369 0 P 0
L 2.8266902 0.8716024 2.8266902 0.9078228 0 P 0
L 2.8266902 0.8716024 2.8983438 0.8716024 0 P 0
L 2.8266902 0.9078228 2.8983438 0.9078228 0 P 0
L 2.8266902 0.9246024 2.8266902 0.9608228 0 P 0
L 2.8266902 0.9246024 2.8983438 0.9246024 0 P 0
L 2.8266902 0.9608228 2.8983438 0.9608228 0 P 0
L 2.8266902 0.9626024 2.8266902 0.9988228 0 P 0
L 2.8266902 0.9626024 2.8983438 0.9626024 0 P 0
L 2.8266902 0.9988228 2.8983438 0.9988228 0 P 0
L 2.8266902 1.0056024 2.8266902 1.0418228 0 P 0
L 2.8266902 1.0056024 2.8983438 1.0056024 0 P 0
L 2.8266902 1.0418228 2.8983438 1.0418228 0 P 0
L 2.8266902 1.0726024 2.8266902 1.1088228 0 P 0
L 2.8266902 1.0726024 2.8983438 1.0726024 0 P 0
L 2.8266902 1.1088228 2.8983438 1.1088228 0 P 0
L 2.8303149 1.2289369 2.8303149 1.2651573 0 P 0
L 2.8303149 1.2289369 2.9019685 1.2289369 0 P 0
L 2.8303149 1.2651573 2.9019685 1.2651573 0 P 0
L 2.8316929 0.0246061 2.8316929 0.1407479 0 P 0
L 2.8336613 0.0246062 2.8336613 0.140748 0 P 0
L 2.8336613 0.0246062 2.8848425 0.0246062 0 P 0
L 2.8336613 0.140748 2.8848425 0.140748 0 P 0
L 2.8395249 0.1830708 2.8788949 0.1830708 0 P 0
L 2.8404849 0.5659448 2.879855 0.5659448 0 P 0
L 2.8404851 0.6053148 2.8798551 0.6053148 0 P 0
L 2.8404851 0.6446849 2.8798551 0.6446849 0 P 0
L 2.8405512 0.6830707 2.8799212 0.6830707 0 P 0
L 2.8405512 0.7214566 2.8799212 0.7214566 0 P 0
L 2.8405512 0.7608267 2.8799212 0.7608267 0 P 0
L 2.8410997 0.147244 2.8410997 0.2188976 0 P 0
L 2.8410997 0.147244 2.8773201 0.147244 0 P 0
L 2.8410997 0.2188976 2.8773201 0.2188976 0 P 0
L 2.842832 0.8897126 2.882202 0.8897126 0 P 0
L 2.842832 0.9427126 2.882202 0.9427126 0 P 0
L 2.842832 0.9807126 2.882202 0.9807126 0 P 0
L 2.842832 1.0237126 2.882202 1.0237126 0 P 0
L 2.842832 1.0907126 2.882202 1.0907126 0 P 0
L 2.8435039 1.3110235 2.882874 1.3110235 0 P 0
L 2.8464567 1.2470471 2.8858267 1.2470471 0 P 0
L 2.8592099 0.1633858 2.8592099 0.2027558 0 P 0
L 2.86017 0.5462598 2.86017 0.5856298 0 P 0
L 2.8601701 0.5856298 2.8601701 0.6249998 0 P 0
L 2.8601701 0.6249999 2.8601701 0.6643699 0 P 0
L 2.8602362 0.6633857 2.8602362 0.7027557 0 P 0
L 2.8602362 0.7017716 2.8602362 0.7411416 0 P 0
L 2.8602362 0.7411417 2.8602362 0.7805117 0 P 0
L 2.862517 0.8700276 2.862517 0.9093976 0 P 0
L 2.862517 0.9230276 2.862517 0.9623976 0 P 0
L 2.862517 0.9610276 2.862517 1.0003976 0 P 0
L 2.862517 1.0040276 2.862517 1.0433976 0 P 0
L 2.862517 1.0710276 2.862517 1.1103976 0 P 0
L 2.8631889 1.2913385 2.8631889 1.3307085 0 P 0
L 2.8641732 1.3572833 2.8641732 1.636811 0 P 0
L 2.8661417 1.2273621 2.8661417 1.2667321 0 P 0
L 2.8773201 0.147244 2.8773201 0.2188976 0 P 0
L 2.8848425 0.0246062 2.8848425 0.140748 0 P 0
L 2.8858267 0.0246062 2.8858267 0.140748 0 P 0
L 2.8858267 0.0246062 2.9370079 0.0246062 0 P 0
L 2.8858267 0.140748 2.9370079 0.140748 0 P 0
L 2.8868109 0.2618109 2.8868109 0.3523621 0 P 0
L 2.886811 1.5689007 2.8868111 1.3740189 0 P 0
L 2.886811 1.5689007 3.1820866 1.5689007 0 P 0
L 2.8868111 1.3740189 3.1820866 1.3740189 0 P 0
L 2.890748 0.1830708 2.930118 0.1830708 0 P 0
L 2.8923228 0.147244 2.8923228 0.2188976 0 P 0
L 2.8923228 0.147244 2.9285432 0.147244 0 P 0
L 2.8923228 0.2188976 2.9285432 0.2188976 0 P 0
L 2.8959967 0.5840549 2.8959969 0.5478346 0 P 0
L 2.8959969 0.5872046 2.8959969 0.623425 0 P 0
L 2.8959969 0.6265747 2.8959969 0.6627951 0 P 0
L 2.896063 0.6649605 2.896063 0.7011809 0 P 0
L 2.896063 0.7033464 2.896063 0.7395668 0 P 0
L 2.896063 0.7427165 2.896063 0.7789369 0 P 0
L 2.8983438 0.8716024 2.8983438 0.9078228 0 P 0
L 2.8983438 0.9246024 2.8983438 0.9608228 0 P 0
L 2.8983438 0.9626024 2.8983438 0.9988228 0 P 0
L 2.8983438 1.0056024 2.8983438 1.0418228 0 P 0
L 2.8983438 1.0726024 2.8983438 1.1088228 0 P 0
L 2.9019685 1.2289369 2.9019685 1.2651573 0 P 0
L 2.910433 0.1633858 2.910433 0.2027558 0 P 0
L 2.9285432 0.147244 2.9285432 0.2188976 0 P 0
L 2.9370079 0.0246062 2.9370079 0.140748 0 P 0
L 2.9379905 0.022986 2.9379905 0.1725922 0 P 0
L 2.9379905 0.022986 3.0757857 0.022986 0 P 0
L 2.9379905 0.1725922 3.0757857 0.1725922 0 P 0
L 2.9547242 1.3562991 2.9547243 1.2657479 0 P 0
L 2.9872031 0.0977891 3.0265731 0.0977891 0 P 0
L 3.0029527 0.28937 3.0029527 1.3641732 0 P 0
L 3.0029527 0.28937 3.2175197 0.28937 0 P 0
L 3.0029527 1.3641732 3.1535433 1.3641732 0 P 0
L 3.0068881 0.0781041 3.0068881 0.1174741 0 P 0
L 3.0757857 0.022986 3.0757857 0.1725922 0 P 0
L 3.0777543 0.022986 3.0777543 0.1725922 0 P 0
L 3.0777543 0.022986 3.2155495 0.022986 0 P 0
L 3.0777543 0.1725922 3.2155495 0.1725922 0 P 0
L 3.1269669 0.0977891 3.1663369 0.0977891 0 P 0
L 3.1466519 0.0781041 3.1466519 0.1174741 0 P 0
L 3.1535433 1.3641732 3.2175197 1.3001968 0 P 0
L 3.1820866 1.3740189 3.1820866 1.5689007 0 P 0
L 3.2155495 0.022986 3.2155495 0.1725922 0 P 0
L 3.2175197 0.28937 3.2175197 1.3001968 0 P 0
